-14.5399,-54.9128,0
-22.6525,-51.1649,0
-28.7067,-65.0532,0
-29.5601,-59.0800,0
-26.9337,-48.7633,0
-29.4804,-61.6491,0
-28.5403,-64.4942,0
-27.9540,-65.3966,0
-13.1695,-54.5899,0
-30.6624,-49.0339,0
-29.0082,-61.1632,0
-19.7394,-52.2832,0
-29.7104,-59.7710,0
-25.3019,-53.9115,0
-29.3339,-61.1086,0
-11.0875,-58.1452,0
-28.3366,-61.9706,0
 -9.3949,-55.0160,0
-29.0076,-61.6404,0
-10.7085,-58.3537,0
-12.9072,-46.9928,0
-27.8598,-65.9874,0
 -5.9085,-61.3158,0
-22.6110,-51.0437,0
-22.4488,-47.0178,0
-11.9373,-56.9832,0
 -1.4833,-50.3370,0
-26.1297,-63.9018,0
-29.6344,-60.8021,0
-14.2177,-55.1798,0
-30.0086,-60.1193,0
 -4.1826,-58.1224,0
-25.5723,-65.3306,0
-30.8640,-48.7730,0
-27.4172,-52.6175,0
-14.4857,-54.9195,0
-29.1609,-61.8019,0
 -7.0320,-39.1987,0
-26.8607,-48.8186,0
-21.6291,-50.0374,0
-27.7691,-53.3111,0
-29.0999,-61.0595,0
-29.6107,-61.1016,0
 -4.0692,-45.0920,0
-25.0946,-49.3175,0
-29.5532,-61.6198,0
-29.7649,-50.6413,0
-29.1820,-61.7890,0
-22.5782,-51.0722,0
-26.9488,-48.8659,0
-21.6267,-65.8769,0
-19.1009,-52.6601,0
 -8.2893,-53.7704,0
-28.9806,-61.0835,0
-13.7386,-55.1207,0
-28.7140,-49.2283,0
 -9.1903,-53.4177,0
-20.9936,-50.1786,0
-14.2006,-55.2628,0
 -3.5415,-51.6230,0
-16.2212,-70.0602,0
-11.0461,-58.1142,0
-29.3522,-59.2789,0
-28.7863,-65.8481,0
-27.7183,-65.7536,0
-29.1978,-61.0771,0
-29.7658,-59.6896,0
-22.6510,-51.2403,0
-21.4104,-49.8044,0
-15.7986,-70.1753,0
-14.4689,-61.6043,0
-30.0874,-60.2266,0
-29.0285,-60.7859,0
 -2.7361,-49.0660,0
-37.0035,-42.4585,0
-14.1339,-55.2053,0
-13.2406,-54.6775,0
-29.0528,-61.5124,0
-29.1861,-64.8242,0
-25.4272,-65.3845,0
-29.5904,-60.8871,0
-25.3480,-53.9205,0
 -7.8430,-53.8133,0
-28.4148,-64.5128,0
-29.2183,-60.5899,0
-26.1369,-64.6533,0
-22.7097,-51.1364,0
-14.0279,-55.1578,0
-29.0591,-61.5971,0
-24.1856,-54.4790,0
-27.7808,-65.6776,0
-11.8925,-57.0607,0
-33.7255,-45.0562,0
-26.5452,-64.0305,0
-29.3526,-59.0514,0
 -9.0195,-55.6200,0
-29.3884,-58.5199,0
-14.5162,-55.0024,0
-27.6950,-53.4787,0
-29.0907,-61.1503,0
-29.1880,-60.6902,0
-32.1350,-60.3435,0
-25.4640,-53.9532,0
-29.8207,-60.4159,0
 -7.6254,-39.5671,0
 -9.1107,-52.9953,0
-21.2060,-65.6372,0
-26.9914,-48.7553,0
-14.1729,-55.2182,0
-28.6686,-61.7534,0
-16.1165,-70.0576,0
-28.7511,-62.6976,0
-30.4940,-58.4034,0
-24.3258,-54.4323,0
 -3.2029,-47.1002,0
 -8.9664,-53.0621,0
 -5.2797,-42.4428,0
-14.4263,-55.0733,0
-26.9523,-48.7911,0
-13.2160,-54.6868,0
-27.1400,-67.5091,0
-28.7419,-50.5138,0
-26.1051,-64.7835,0
-13.0429,-54.3491,0
-29.4788,-61.6855,0
-29.0093,-61.6054,0
-28.3245,-64.7378,0
-28.9752,-61.1782,0
-28.0041,-65.4681,0
-28.7720,-61.7315,0
 -4.6322,-44.3355,0
-14.0345,-61.5250,0
-28.6433,-64.3200,0
-28.2979,-62.0937,0
-29.0294,-60.7587,0
-27.6367,-64.7528,0
-33.8396,-45.4971,0
-31.1149,-61.5456,0
 -5.6194,-41.9770,0
-14.1287,-55.2102,0
  4.2244,-23.7905,0
-20.9093,-66.6649,0
-28.6290,-65.0691,0
-31.8457,-47.9361,0
-22.0716,-49.4054,0
-21.6774,-50.0274,0
-29.3906,-60.9411,0
 -8.9890,-55.8386,0
-26.8714,-48.8905,0
-16.7204,-60.3137,0
-29.0357,-51.0089,0
-22.6561,-51.0795,0
 -5.3949,-42.3110,0
-26.3391,-64.2825,0
-26.1194,-64.9195,0
  6.0317,-76.4395,0
-13.1520,-52.9511,0
-13.7841,-55.0691,0
-28.6094,-65.1424,0
-21.9966,-46.3631,0
-21.4553,-49.8046,0
-22.6219,-48.3923,0
-20.9597,-50.2698,0
-14.0960,-55.1949,0
-28.3218,-53.5308,0
-29.3374,-58.1807,0
-29.4106,-61.5715,0
-26.9671,-48.7664,0
-31.1746,-61.1786,0
-29.0061,-65.8500,0
-13.5620,-54.9445,0
-30.4300,-59.4163,0
-28.2763,-61.9679,0
-13.1829,-54.6096,0
-12.6709,-56.1907,0
-27.7689,-65.7490,0
-29.5751,-60.8364,0
-29.0573,-61.0811,0
-28.3433,-49.4396,0
-28.3082,-49.6340,0
-14.0940,-55.3002,0
 -7.9916,-53.8297,0
-29.1291,-60.6119,0
-28.5680,-64.4574,0
-29.7900,-59.7759,0
-22.5746,-51.1733,0
-28.9679,-61.6943,0
-25.2575,-53.8708,0
-29.3136,-58.6148,0
-26.8707,-48.8908,0
-29.6132,-59.1531,0
-17.3763,-68.3517,0
-14.5017,-54.8729,0
-27.8436,-65.9775,0
-22.0969,-49.1101,0
-29.8218,-60.5479,0
-28.7796,-65.8066,0
-29.0856,-61.6570,0
-27.3795,-66.2125,0
-26.7902,-67.8595,0
-20.9650,-50.1837,0
 -9.3948,-55.0115,0
-22.6713,-48.2853,0
-11.8557,-56.9878,0
-29.0367,-59.3046,0
-28.3157,-49.4483,0
-25.4882,-65.4155,0
-16.3377,-69.1290,0
-28.8025,-62.8196,0
-28.9471,-51.2294,0
-29.6679,-61.6499,0
-27.4504,-66.8798,0
-23.0214,-66.3508,0
-24.8471,-51.4805,0
 -5.4936,-42.0199,0
 -5.7806,-40.7343,0
-13.8097,-55.0794,0
-30.6340,-49.0614,0
-14.5340,-54.9881,0
-11.0037,-58.0922,0
-29.9790,-59.5265,0
-22.6509,-51.3840,0
-24.7183,-49.3403,0
-29.5434,-59.1017,0
-29.5752,-60.8900,0
-31.5774,-48.1268,0
-13.2175,-54.7324,0
-12.6124,-56.0948,0
-26.8876,-48.7941,0
-19.5072,-52.9001,0
 -1.8425,-50.2051,0
 -9.1782,-77.6585,0
-14.1539,-55.2340,0
 -9.5559,-54.4020,0
 -7.9375,-53.8394,0
-29.3230,-58.5130,0
-22.6034,-51.1469,0
-27.3803,-66.7624,0
-11.0888,-58.1360,0
-32.8827,-47.2373,0
-29.0963,-61.1493,0
-29.2075,-61.5434,0
-21.4659,-65.9194,0
 -3.7052,-45.8730,0
-28.7023,-65.0647,0
 -7.2418,-39.0723,0
-28.4812,-64.5200,0
-27.8513,-65.9003,0
-28.8474,-65.9065,0
-13.8809,-61.6196,0
-13.1306,-63.0024,0
-22.3925,-49.1366,0
-28.3899,-49.5163,0
-25.9545,-65.2649,0
-13.7947,-55.0952,0
 -7.6472,-39.4613,0
-29.4207,-61.6511,0
-29.2609,-48.7552,0
 -8.3158,-53.4972,0
-26.9683,-48.7713,0
-29.2333,-58.8919,0
-29.0408,-51.6227,0
-16.1789,-69.9457,0
-29.4105,-58.9414,0
-17.8131,-68.2335,0
 -5.7419,-40.7957,0
-11.9343,-56.9812,0
-12.0942,-56.7355,0
-29.3966,-60.2966,0
-33.9079,-44.8411,0
-29.0169,-61.1836,0
-29.5476,-60.8945,0
-29.0898,-60.9731,0
-27.7195,-48.8093,0
-19.7114,-52.2681,0
-30.9690,-58.3501,0
-12.9362,-46.9692,0
-26.2089,-64.6009,0
-32.5084,-47.4213,3
 -3.3399,-46.2940,0
-21.4058,-49.7842,0
-29.9882,-58.6184,0
-28.6736,-65.1280,0
-24.2337,-54.5311,0
-31.9113,-48.0046,0
-15.1934,-70.5852,0
 -9.4064,-54.9434,0
-22.8076,-66.0030,0
-29.0069,-61.6101,0
 -5.3516,-42.1540,0
-29.4500,-61.5339,0
-27.6902,-65.7568,0
-29.3153,-59.0377,0
-30.8737,-58.3667,0
-29.9254,-48.6949,0
-14.8615,-71.8409,0
-32.5222,-47.6297,0
-27.5738,-53.6805,0
-29.2587,-61.0609,0
-26.9330,-48.8466,0
-29.7428,-60.4762,0
-13.2592,-54.5859,0
-26.9767,-52.0325,0
-25.3465,-53.9343,0
-28.9498,-51.1310,0
-22.7330,-51.0510,0
-28.4788,-50.5012,0
-28.3934,-49.4230,0
-29.7535,-61.6598,0
-29.6695,-59.0741,0
-14.1187,-55.1473,0
-29.7474,-50.5843,0
-22.5729,-51.1730,0
-13.7883,-55.0834,0
-27.8429,-65.7313,0
-21.8064,-49.5954,0
-12.0004,-56.9931,0
-26.9503,-48.7744,0
-29.5500,-61.6093,0
-21.1966,-67.1519,0
-20.5439,-66.1407,0
-29.1744,-61.1357,0
-31.0069,-48.8270,3
-11.0128,-58.1356,0
-28.5687,-64.5146,0
-28.4335,-51.9679,0
 -8.3257,-53.4961,0
-28.3833,-64.4701,0
-21.3036,-49.9267,0
-29.7367,-60.5368,0
-18.5312,-67.2025,0
-26.8764,-48.7058,0
-22.7762,-66.1435,0
-31.1039,-48.7086,0
-14.4169,-55.0900,0
 -7.8516,-54.1551,0
-29.0199,-64.8921,0
-13.2047,-52.9403,0
-14.0314,-61.6334,0
-22.3677,-47.0957,0
-21.0197,-50.2294,0
-27.9250,-65.4235,0
-14.1065,-55.2203,0
-30.0478,-59.2226,0
-11.9236,-57.0497,0
-28.3139,-49.4479,0
-29.5998,-60.8450,0
-22.0565,-66.5360,0
-10.5939,-58.1829,0
-14.5610,-54.9185,0
 -9.3777,-55.0690,0
-31.4368,-48.1982,0
-29.5326,-61.6981,0
-30.0275,-49.6967,0
-27.6897,-65.7565,0
-28.9382,-61.1751,0
 -5.1336,-42.8134,0
-13.2255,-54.6917,0
-29.3993,-59.0634,0
 -5.5617,-41.9997,0
-11.8835,-57.0708,0
-29.2403,-58.6194,0
-21.6994,-50.1907,0
-29.9474,-60.2086,0
-31.5563,-48.2427,0
-29.3915,-60.3929,0
-14.1378,-55.1354,0
-27.3378,-52.6293,0
-29.7556,-61.1084,0
-22.6549,-51.1740,0
 -9.4958,-60.4530,0
-29.1156,-60.5405,0
-21.2414,-66.0658,0
-29.5422,-59.0944,0
-30.4933,-65.4558,0
-30.2380,-59.7796,0
-26.8981,-48.7628,0
-29.0897,-61.1759,0
-17.8978,-67.0087,0
-29.0050,-61.6708,0
 -9.4690,-54.9348,0
-19.7537,-52.2595,0
-30.7687,-58.0855,0
-28.9801,-51.1562,0
-28.7045,-65.0440,0
-29.6361,-61.5906,0
-29.4039,-59.2600,0
-14.0923,-55.2958,0
-11.0173,-58.0323,0
-27.5857,-53.7954,0
-27.8411,-65.9103,0
-27.7024,-64.5561,0
-32.7269,-47.4262,0
-22.6003,-48.2152,0
-28.8910,-48.7986,0
-13.1786,-54.6782,0
 -9.1856,-53.3934,0
-28.7850,-65.8092,0
-29.2938,-49.6915,0
-29.4475,-48.6589,0
-29.0368,-61.5281,0
-29.4320,-61.1195,0
-29.4213,-61.6393,0
-33.8803,-45.2203,0
-13.8070,-55.0755,0
-29.3481,-58.6012,0
-30.6769,-49.0333,0
 -7.5143,-39.3506,0
-30.2314,-48.7117,0
-28.5314,-64.6327,0
-28.7694,-61.7308,0
-27.7102,-53.3518,0
 -5.3906,-42.3654,0
-22.6515,-51.1546,0
-13.8548,-61.5024,0
-22.6832,-44.4188,0
-24.9415,-51.3983,0
 -5.9243,-42.1461,0
-26.1157,-64.6604,0
-14.5280,-54.9941,0
-11.9975,-56.9858,0
-27.6994,-65.7211,0
-29.5591,-61.5145,0
-14.5017,-61.5385,0
 -6.4898,-55.0444,0
-26.9471,-48.8568,0
-25.2561,-53.8699,0
-29.5319,-48.6760,0
-11.9424,-57.0693,0
-27.0534,-67.9210,0
-29.0750,-59.3133,0
  4.2362,-23.7878,0
 -7.0937,-39.2709,0
-25.9534,-65.3244,0
-19.7520,-52.3419,0
-28.9981,-61.6471,0
-29.2444,-60.5449,0
-28.7533,-62.7950,0
-15.6731,-70.3489,0
-16.6732,-60.2007,0
-30.5698,-58.0834,0
-21.4364,-65.9208,0
-10.7106,-58.3466,0
-21.4604,-49.7966,0
-27.8521,-65.9898,0
-28.7167,-49.3191,0
-30.7208,-49.1070,0
-13.7441,-55.1396,0
 -2.6450,-49.0482,0
-20.9866,-50.1682,0
-14.1080,-55.2114,0
-26.1267,-64.0067,0
 -5.2818,-42.0342,0
-29.6186,-61.7699,0
-22.5938,-51.2427,0
-30.5716,-58.1173,0
-24.3065,-54.4395,0
-29.9565,-58.4996,0
-28.8459,-65.7306,0
 -7.6822,-39.6854,0
-28.6158,-65.3378,0
-22.0083,-49.4140,0
-28.2017,-62.1678,0
-27.7236,-65.7525,0
-29.3753,-59.8524,0
 -7.2172,-39.1254,0
 -4.6519,-51.6698,0
-26.8819,-48.7599,0
-29.0742,-60.7452,0
-30.1006,-49.8027,0
-28.5783,-64.4577,0
-29.5772,-60.7994,0
-11.9578,-56.9318,0
-27.8368,-48.8809,0
-22.7338,-51.0501,0
 -5.5734,-41.9090,0
-20.9564,-50.2292,0
-13.1968,-54.5928,0
-26.9729,-52.1616,0
-14.7221,-71.9342,0
-29.0967,-61.1483,0
 -1.8110,-50.1291,0
-31.2600,-61.2872,0
-26.3169,-64.5656,0
-29.1216,-61.6046,0
-22.1468,-49.0262,0
-13.7897,-55.0984,0
-26.2777,-63.9858,0
-32.1707,-48.1962,0
 -7.9767,-54.1384,0
-29.8848,-60.0948,0
-28.3102,-49.6477,0
-11.7901,-57.1411,0
-28.0045,-48.9942,0
-22.5544,-51.0909,0
-29.4737,-61.6173,0
-28.4919,-64.6390,0
-21.8243,-50.3190,0
-27.7068,-64.7428,0
-29.4085,-58.9047,0
-29.0864,-61.5920,0
-29.3723,-61.2316,0
-14.1590,-55.2531,0
-26.9282,-51.9725,0
 -4.1713,-44.2145,3
-28.9545,-51.0461,0
-13.2593,-54.6715,0
-29.5636,-60.8183,0
-17.9442,-65.1228,0
-29.2445,-58.5223,0
-28.7558,-65.0256,0
-28.4101,-50.5240,0
 -4.1708,-44.2154,0
 -4.0296,-43.9753,0
-28.3155,-49.4475,0
-13.1154,-55.4748,0
-29.4091,-60.3723,0
-31.6532,-48.0382,0
-22.6144,-51.1159,0
-28.8749,-65.7995,0
-29.2302,-61.1262,0
-29.6725,-59.0358,0
-13.5640,-46.7314,0
-29.3466,-63.2110,0
-25.0127,-49.3401,0
-28.4207,-64.6010,0
-13.7893,-55.0738,0
-26.8345,-50.3573,0
-19.6964,-52.2705,0
-26.9398,-48.8023,0
-14.0937,-55.2958,0
-30.1011,-59.2695,0
-21.3390,-66.0072,0
-31.8634,-48.0199,0
-27.9519,-50.5332,0
-28.7540,-49.1227,0
-14.4853,-54.9197,0
-12.8641,-47.0147,0
 -6.0583,-39.8790,0
-28.2357,-65.9164,0
-28.5468,-61.7707,0
-28.4059,-52.1006,0
-23.0169,-66.3338,0
-22.4964,-51.1791,0
-15.9473,-70.1808,0
-26.1498,-63.8996,0
-28.9585,-57.5831,0
-28.8065,-62.7982,0
-29.0083,-61.6601,0
-29.1633,-60.6515,0
-25.4166,-53.9251,0
-29.7424,-50.6597,0
-22.4482,-47.0813,0
-28.6632,-49.3371,0
 -8.3499,-62.6042,0
-14.1071,-55.1716,0
-30.0236,-59.1875,0
-13.0171,-46.9788,0
-29.1667,-61.0496,0
-26.8234,-51.8259,0
-13.1619,-54.6367,0
-27.0148,-48.6818,0
-24.3220,-54.3813,0
 -9.4437,-54.9959,0
-11.0781,-58.1519,0
-13.8087,-55.0812,0
-28.6388,-64.4489,0
-29.5706,-60.8843,0
-22.6737,-51.1533,0
-21.4320,-49.7854,0
-24.8839,-65.6207,0
-29.4462,-61.6273,0
