-22.0060,-56.7094,0
-31.7837,-53.5855,0
-32.8446,-57.6458,3
-32.9036,-58.2534,3
-32.9013,-55.9474,3
-33.6341,-49.6590,0
-31.4137,-60.4083,0
-18.1626,-69.1076,0
-31.9074,-61.1123,0
 -9.9025,-54.1611,0
-32.5156,-57.9162,0
-32.9283,-58.2864,3
-21.9301,-56.6600,0
-11.9882,-53.4743,0
 -3.5939,-41.1288,0
-32.4079,-58.8812,0
-33.0399,-58.3099,3
-10.5156,-54.0263,0
-33.1617,-51.3740,0
-31.1957,-52.4111,0
-32.8616,-55.9382,3
 -9.8895,-55.3150,0
-31.1624,-58.8590,0
-33.1533,-56.6801,3
-33.5558,-49.9826,0
-31.7324,-60.3838,0
-10.5853,-53.7740,0
-33.0985,-55.7831,0
-33.1397,-58.0164,0
-33.3256,-56.7808,3
-32.6563,-52.1420,0
-31.2237,-54.9246,0
-33.6716,-49.6444,0
-11.3505,-53.1574,0
-33.5179,-56.6622,3
-10.7062,-54.7978,0
-31.1474,-57.2032,0
-19.4757,-65.9849,0
-33.1052,-58.5020,0
-31.9461,-53.5150,0
-10.3541,-54.0572,0
-10.5765,-54.4847,0
-33.4913,-56.4536,3
-31.5837,-60.5184,0
-32.6230,-51.8584,0
-33.0593,-57.6213,3
-33.9074,-48.9296,0
-11.5034,-53.5644,0
-31.2582,-59.4329,0
-30.9874,-53.5429,0
 -8.6558,-57.3191,0
-32.3502,-60.3965,0
-14.0991,-58.8091,0
-31.0548,-56.9458,0
 -5.2005,-36.8143,0
-30.9973,-54.5024,0
-33.2835,-56.3985,3
-33.1640,-57.5700,0
-32.1742,-53.2599,0
-31.1719,-59.9552,0
-31.7870,-60.4175,0
-33.3649,-56.2768,3
-33.9720,-49.2135,0
-11.4824,-54.5910,0
-10.4246,-53.9438,0
-32.7973,-55.7178,0
-10.9624,-53.6715,0
-31.4822,-54.4591,0
-30.4106,-56.5484,0
-31.4900,-61.7300,0
 -9.7959,-55.4701,0
-10.8674,-55.3854,0
-14.2833,-62.0766,0
-30.6611,-53.7989,0
-31.8997,-58.6546,0
-21.9418,-50.7754,0
-30.5729,-56.3549,0
-31.0428,-54.2101,0
-11.2758,-53.1184,0
-33.2637,-51.3407,0
-16.2077,-64.3576,0
-33.3953,-56.1961,3
-10.5679,-53.4847,0
-32.2964,-51.7654,0
-31.5699,-61.6663,0
-24.2884,-65.6143,0
-31.2274,-56.5988,0
-33.9742,-48.8640,0
 -5.2760,-36.8600,0
-31.6837,-53.8269,0
-32.0040,-53.2444,0
-12.3453,-58.3053,0
 -7.5437,-57.5504,0
-31.2654,-61.5022,0
-33.4655,-55.8641,3
-31.8379,-53.5873,0
-31.1240,-56.7089,0
-31.3310,-57.0676,0
-33.5265,-55.6703,3
-32.9174,-51.6595,0
-31.6267,-61.5888,0
-33.3467,-55.6471,3
-30.2435,-62.6583,0
-31.2320,-56.4897,0
-18.7244,-50.9863,0
 -9.7803,-55.7050,0
-15.1674,-58.9652,0
-32.0289,-53.5312,0
-31.2695,-61.8856,0
-33.5658,-55.9015,0
-17.8673,-69.5088,0
-31.7558,-60.4157,0
-31.3932,-58.4541,0
-33.2783,-55.6761,0
-30.7520,-55.7236,0
-11.1272,-53.2599,0
-33.0797,-51.5033,0
-21.9425,-50.7756,0
-10.1315,-52.8107,0
-31.4704,-59.2685,0
-31.7651,-53.5191,0
-31.8228,-58.3662,0
 -9.8684,-55.2228,0
-30.4831,-56.3067,0
-31.3575,-61.5202,0
-31.2221,-59.8013,0
-30.9066,-55.9637,0
-31.3718,-59.3021,0
-31.0736,-57.4086,0
-11.2170,-53.0615,0
-33.6895,-49.6051,0
-10.1230,-54.7042,0
-33.9756,-48.8789,0
-34.3822,-48.4379,3
-31.2839,-52.2860,0
-33.1632,-51.3734,0
-30.5440,-53.1874,0
-19.5335,-68.8925,0
-11.4165,-60.4269,0
-32.1297,-51.9562,0
-34.4935,-48.3715,3
-11.4127,-53.2164,0
-19.3510,-66.1124,0
-34.5896,-48.3429,3
 -9.7856,-55.3684,0
-31.5471,-59.2600,0
-33.9073,-49.5029,0
-31.5466,-54.2618,0
-31.3012,-59.8678,0
-34.7169,-48.3737,3
-18.3247,-66.6233,0
-30.9628,-55.7464,0
-11.2762,-53.0874,0
-31.9231,-53.3563,0
-14.1717,-58.6219,0
-30.3971,-56.4490,0
-31.1127,-55.2337,0
-32.7496,-51.7284,0
-34.2212,-48.1398,0
-34.9292,-48.4836,0
-34.6576,-48.0417,3
-16.4569,-70.9322,0
 -5.1113,-37.8345,0
-31.2419,-58.5850,0
-30.7831,-54.5953,0
-31.2404,-60.0513,0
-31.2510,-61.4325,0
-32.1032,-53.5176,0
-14.1497,-58.7028,0
-33.6889,-48.5901,0
-34.8455,-48.1414,3
-31.5607,-60.5293,0
-30.9646,-54.1269,0
 -9.7394,-55.8007,0
-10.3549,-54.1213,0
-30.5679,-55.6581,0
-33.0048,-51.6029,0
-31.4537,-54.4837,0
-34.1031,-48.2060,0
-33.5848,-49.8853,0
-31.9909,-53.5419,0
-11.5710,-54.5681,0
-33.9931,-48.7999,0
-11.4254,-53.2274,0
-35.0430,-48.2656,0
-31.5509,-61.6631,0
-31.0653,-55.6399,0
-11.9488,-53.5555,0
 -7.8627,-57.4389,0
-33.6371,-48.6313,0
-32.0044,-53.3501,0
-13.7205,-65.1362,0
-30.2236,-62.5750,0
-31.3637,-59.4085,0
-31.3599,-56.5711,0
 -9.8128,-55.4697,0
-31.2853,-54.7501,0
-33.6453,-49.5081,0
-10.1178,-55.0521,0
-32.7361,-52.2219,0
-10.7951,-55.3531,0
-31.2823,-52.2859,0
-30.8834,-56.3310,0
-31.6181,-53.8368,0
-31.0132,-56.6614,0
-31.1448,-59.7013,0
 -9.8100,-55.7121,0
-30.3027,-62.5880,0
-32.0579,-53.1297,0
-31.7570,-60.3983,0
-31.6024,-60.4370,0
-10.7992,-54.7367,0
-33.9994,-50.1010,0
-30.2281,-56.6749,0
-31.1759,-52.3820,0
-30.9089,-55.9375,0
-10.5940,-53.8150,0
-30.9864,-56.3249,0
 -9.8902,-55.3400,0
-18.1014,-66.0921,0
-11.2725,-53.1429,0
-14.9588,-58.5444,0
-21.9298,-56.6599,0
-14.0926,-58.7224,0
-31.2410,-58.7707,0
-33.6112,-49.6670,0
-31.7713,-53.5200,0
-31.5926,-58.3932,0
-32.4969,-52.3992,0
-32.2105,-51.9415,0
-31.6792,-53.7223,0
-33.9855,-48.8911,0
-30.4121,-55.9776,0
-32.9157,-51.6597,0
-17.1617,-69.3837,0
-32.0637,-57.9419,0
-32.4114,-60.3924,0
-32.6713,-51.9424,0
  3.7627,-79.0184,0
-32.6804,-51.7385,0
-33.9321,-50.6967,0
-13.6775,-58.3792,0
-32.2351,-53.0892,0
 -3.0369,-42.9952,0
-31.2073,-56.7099,0
-14.1007,-70.6949,0
-31.8685,-61.3967,0
-10.4071,-53.9519,0
-31.1956,-55.2103,0
-30.9974,-53.9252,0
-31.4863,-59.2291,0
-33.9929,-48.7891,0
-10.9284,-54.6006,0
-31.0558,-57.2507,0
-13.3343,-52.8606,0
-31.5834,-61.6682,0
-31.1036,-59.8891,0
-31.0753,-54.2325,0
-13.1173,-59.7777,0
-10.5889,-53.4809,0
-11.4819,-54.5796,0
-31.4874,-61.7068,0
-11.2752,-53.0888,0
 -7.6736,-57.4090,0
-34.2116,-49.1538,0
-31.7534,-60.4388,0
-32.9998,-51.5118,0
-32.0171,-53.4358,0
-31.8403,-53.4883,0
 -9.9024,-54.1601,0
 -9.8125,-55.4692,0
-34.4377,-49.1879,0
-21.9076,-56.6391,0
-10.9443,-53.5962,0
-21.9396,-50.8120,0
 -9.6050,-55.7964,0
-31.5743,-53.9092,0
-33.9857,-48.9264,0
-31.5065,-61.6397,0
-11.4385,-53.5518,0
-31.2808,-58.5686,0
-31.0690,-58.3483,0
-32.7685,-51.6995,0
-13.1350,-59.9039,0
-10.9596,-53.5391,0
-32.0006,-53.2896,0
-31.0400,-56.4799,0
-11.1418,-53.2219,0
-14.6437,-59.5541,0
-32.3007,-51.9629,0
-32.9666,-51.6042,0
-18.7158,-50.9743,0
-31.4494,-53.7965,0
-33.9895,-48.8550,0
  4.1699,-37.6061,0
-31.8624,-59.4856,0
-31.2926,-56.7035,0
-14.2475,-58.6218,0
-19.3720,-57.1128,0
-31.9979,-53.5246,0
-32.1337,-51.9557,0
-33.5401,-49.9741,0
-32.5965,-52.2531,0
-31.5367,-60.5326,0
-31.0375,-58.8161,0
-32.0127,-60.5483,0
-10.4882,-53.8138,0
-14.0290,-58.7131,0
-10.9081,-53.8557,0
-11.2748,-53.1273,0
 -8.3778,-57.4044,0
-33.4149,-51.1831,0
-30.9198,-55.7563,0
-31.2212,-61.8059,0
-10.8628,-55.3861,0
 -9.7377,-55.4626,0
-22.8817,-50.5943,0
-11.1964,-53.3237,0
 -7.4144,-57.3219,0
-19.7617,-66.9629,0
-32.6798,-51.7581,0
-33.4373,-49.9877,0
-11.8706,-53.6636,0
-31.9158,-53.5114,0
-33.7205,-49.8080,0
-31.5724,-61.6510,0
-32.8330,-51.7883,0
-31.0285,-56.8856,0
 -9.8897,-55.3060,0
-14.8393,-69.4786,0
-31.5629,-60.4401,0
-30.9206,-55.9776,0
 -6.2623,-58.9195,0
-33.6627,-50.6919,0
-11.3513,-53.1167,0
-33.9913,-48.8346,0
-32.2209,-53.4526,0
-32.3674,-60.4090,0
-33.8166,-49.2979,0
-31.0405,-55.6016,0
-32.9331,-51.6018,0
-31.8756,-61.5536,0
-32.2912,-51.8676,0
-33.6401,-50.0368,0
