 25.1746,-85.5479,0
  6.6352,-74.7040,0
  3.8921,-78.7573,0
-31.2610,-65.7144,3
-21.7180,-27.3143,3
-23.8672,-24.3311,0
-23.5139,-26.2065,0
-21.4715,-27.1062,3
-23.8468,-26.1077,0
-21.6280,-22.4792,0
-21.9053,-28.6935,3
-21.5173,-27.8904,3
-21.5934,-28.0762,3
 22.6712,-92.5092,0
-24.0408,-28.4689,3
  3.8935,-67.4251,0
  6.7161,-74.2265,0
-31.2304,-65.6651,0
-29.5336,-54.7642,0
-23.9033,-26.5568,0
-21.2267,-25.8673,3
-21.6285,-22.4782,0
-29.7836,-54.4295,0
-21.1248,-25.5140,3
-21.5935,-28.0756,3
-22.0353,-27.8258,0
 25.9610,-87.1351,0
-23.5141,-26.2058,0
 23.9729,-89.6314,0
 24.3105,-88.5185,0
 24.5454,-88.3913,0
-21.8255,-26.8988,0
-21.9047,-28.6943,3
-24.1874,-27.3282,0
-21.7182,-27.3135,3
-24.3962,-26.3484,0
-23.8674,-24.3303,0
-33.2737,-61.4290,0
-23.1639,-24.8247,5
-23.5143,-26.2052,0
-29.6717,-56.5310,0
-21.5937,-28.0751,3
-24.0410,-28.4680,3
-21.5175,-27.8895,3
-24.4094,-26.3386,0
-24.1877,-27.3274,0
-29.9458,-54.1091,0
-30.9374,-53.7460,0
-21.2252,-25.8647,3
-21.9055,-28.6925,3
-29.3841,-55.2063,0
  3.8140,-78.6810,0
 24.7369,-85.5717,0
-21.3325,-26.4776,3
-21.4718,-27.1050,3
-21.3959,-26.9141,3
-23.9377,-24.5364,0
-29.9355,-53.8222,0
-29.5499,-54.5105,0
-21.5937,-28.0744,3
-21.9055,-28.6916,3
-21.7184,-27.3123,3
-24.0411,-28.4669,3
-21.8242,-22.0640,0
-21.1251,-25.5122,3
-24.1877,-27.3262,0
-21.9047,-28.6924,3
-21.2253,-25.8637,3
-23.9035,-26.5551,3
-21.5175,-27.8882,3
-23.8568,-24.3363,0
 25.1348,-85.5816,0
-24.5483,-22.6104,0
-21.5935,-28.0738,3
-30.5151,-53.7794,0
-21.6285,-22.4761,0
-21.9045,-28.6923,3
-30.4033,-54.1578,0
 24.6552,-88.4250,0
-33.4941,-61.5117,0
-23.1995,-23.1005,0
-21.8257,-26.8970,0
  6.0599,-76.8357,0
 25.2966,-88.2561,0
-23.5139,-26.2035,0
-21.9043,-28.6923,3
-24.0407,-28.4664,3
-24.5479,-22.6103,0
-22.1488,-27.2930,0
-21.4716,-27.1035,3
-21.8252,-26.8968,0
-21.7181,-27.3115,3
-21.2261,-25.8644,3
-23.1627,-24.8233,5
-32.9471,-61.6533,0
-21.5932,-28.0737,3
-20.2519,-54.2356,0
-21.8236,-22.0623,0
-24.4091,-26.3372,0
-23.9371,-24.5358,0
-21.3324,-26.4756,3
-21.9041,-28.6923,3
  6.7596,-74.3120,0
-29.2400,-55.2174,0
-30.1354,-52.7743,0
-29.4474,-56.2428,0
-23.5134,-26.2037,0
-21.3955,-26.9125,3
-21.9037,-28.6926,3
-21.5169,-27.8879,3
-23.8555,-24.3363,0
 24.9610,-84.4846,0
-23.9028,-26.5544,3
-21.1244,-25.5114,3
-29.5853,-54.6816,0
 24.8594,-88.2607,0
  2.5219,-27.8334,0
-21.9036,-28.6929,3
-21.8247,-26.8970,0
 24.3942,-88.4025,3
-21.6277,-22.4759,0
-24.0400,-28.4667,3
-23.9364,-24.5369,0
-21.9034,-28.6934,3
 24.4380,-88.3476,0
-21.2246,-25.8644,3
-23.5130,-26.2045,0
-27.5452,-58.9311,0
-23.8458,-26.1060,0
-37.0782,-68.6730,0
  6.7126,-74.1889,0
-21.5925,-28.0743,0
-29.3928,-55.9430,0
-22.1481,-27.2936,0
 24.3349,-89.6618,0
-21.9034,-28.6935,3
-21.4706,-27.1041,3
 23.2482,-90.6878,0
  3.8563,-67.2631,0
 24.9428,-88.2624,0
-23.9363,-24.5374,0
-21.7172,-27.3122,3
-21.9034,-28.6938,3
-21.5162,-27.8888,0
-21.3314,-26.4766,3
 28.8816,-84.9904,0
 25.1294,-85.6127,0
-21.9033,-28.6940,3
-23.5129,-26.2053,0
-23.8662,-24.3293,0
-24.0396,-28.4678,3
-30.4872,-53.5070,0
 24.3056,-88.1891,0
  3.8736,-67.3031,0
 24.2955,-88.5219,0
-31.0583,-65.6504,0
-21.9033,-28.6940,3
-22.6353,-25.1780,0
-23.8660,-24.3302,0
 25.0961,-88.0351,0
-21.6317,-22.4818,0
 24.8191,-89.6041,3
-22.1553,-27.2813,0
-23.1627,-24.8235,5
-21.2277,-25.8684,3
-21.7170,-27.3133,0
-24.5468,-22.6125,0
-21.9035,-28.6942,3
-29.8648,-55.3649,0
  3.9166,-78.7062,0
-24.4079,-26.3386,5
-23.8458,-26.1070,0
-23.8661,-24.3303,0
-21.3946,-26.9138,5
-29.3908,-55.1998,0
-23.9021,-26.5559,3
-21.9034,-28.6944,3
-21.1237,-25.5129,3
  6.6305,-74.2313,0
 24.8221,-89.6436,0
 28.9245,-84.9178,0
-31.6413,-53.1600,0
-22.4846,-22.6801,0
-23.9362,-24.5385,0
-33.4200,-61.2689,0
 24.0707,-89.6938,0
-21.6272,-22.4784,0
-29.2363,-55.9825,0
 25.1664,-85.5479,0
-21.9036,-28.6945,3
-24.0328,-28.4607,3
-21.8244,-26.8987,5
-23.8461,-26.1073,0
-21.9038,-28.6943,3
-21.2274,-25.8685,3
-21.3314,-26.4776,3
-23.5131,-26.2058,0
-21.9038,-28.6942,3
-21.4706,-27.1053,3
-40.2209,-63.9376,0
-29.4644,-55.1837,0
-23.9368,-24.5381,0
-21.6276,-22.4780,0
 22.8871,-92.3719,0
-30.6376,-53.7105,0
-23.9110,-27.8556,0
-21.9042,-28.6940,3
-29.5928,-56.3395,0
-20.9737,-25.1113,0
-29.9678,-53.8263,0
-24.5477,-22.6123,0
-24.0261,-28.4560,3
-23.8666,-24.3303,0
-22.2901,-26.2588,0
-21.2258,-25.8662,3
-31.5975,-64.8611,0
-23.9026,-26.5563,3
-21.9043,-28.6938,3
 24.6559,-89.6248,0
 24.7774,-88.3272,0
-21.9045,-28.6937,3
 23.4811,-90.4370,0
  6.7004,-74.3445,0
-23.1671,-24.8215,5
-21.6281,-22.4775,0
-21.9046,-28.6934,3
-23.8672,-24.3297,0
-24.4085,-26.3390,5
-21.1244,-25.5131,3
-29.4448,-55.8496,0
-22.1487,-27.2947,5
-21.3953,-26.9142,0
-22.2904,-26.2584,0
 25.1348,-85.5926,0
-23.9376,-24.5371,0
-21.3323,-26.4771,3
-24.0186,-28.4486,3
-21.9047,-28.6934,3
-21.2305,-25.8693,3
 26.3695,-84.5784,0
-33.2677,-61.4300,0
-21.8254,-26.8982,5
-23.9379,-24.5371,0
-21.9050,-28.6932,3
-21.6286,-22.4771,0
-20.9745,-25.1106,0
-29.5115,-54.7496,0
-29.2425,-55.4582,0
-21.9049,-28.6932,3
-21.4716,-27.1047,3
-22.2907,-26.2582,0
-23.8676,-24.3293,0
-23.9035,-26.5554,3
-16.0144,-68.9420,0
-23.5139,-26.2050,5
 24.9147,-85.5168,0
-22.4862,-22.6786,0
-31.5066,-64.8799,0
-21.9049,-28.6936,3
  6.5345,-74.6190,3
-29.2638,-55.4146,0
-32.5403,-61.8301,3
 24.3014,-88.4067,0
-24.0182,-28.4478,3
-21.1251,-25.5126,3
-21.6286,-22.4772,0
-30.2031,-55.0129,0
-21.2354,-25.8735,3
-21.9048,-28.6939,3
-23.9378,-24.5371,0
-23.9117,-27.8550,5
-32.4975,-61.7478,0
-23.6233,-20.0732,0
  6.5535,-74.6269,0
-33.4811,-61.4605,0
-28.9464,-55.9407,0
-29.8939,-54.2040,0
-21.9045,-28.6946,3
-23.9034,-26.5563,3
-24.5480,-22.6128,0
-21.3326,-26.4774,3
 23.9536,-88.5920,0
-22.1492,-27.2948,3
-23.1665,-24.8248,5
-23.9373,-24.5390,0
-21.4718,-27.1053,0
-29.1437,-55.5636,0
-21.9042,-28.6953,3
  3.8594,-78.7636,0
-24.4092,-26.3388,5
-24.0163,-28.4481,3
-22.2900,-26.2604,0
-20.9736,-25.1127,0
-21.2349,-25.8752,3
-30.3913,-54.0430,0
  6.8722,-78.4143,0
-23.8464,-26.1085,0
  3.8662,-78.6547,0
 24.9398,-88.2389,0
-21.9040,-28.6961,3
-21.1245,-25.5144,3
-21.8254,-26.8993,5
-30.8847,-53.8756,0
-29.6901,-54.4813,3
-23.9368,-24.5404,0
-29.4054,-55.1876,0
-21.9038,-28.6964,3
 23.3097,-90.6096,0
-31.1913,-65.7210,0
-21.8455,-28.1640,0
 25.1939,-85.5422,0
  6.7108,-74.2921,3
-22.2896,-26.2616,0
-23.5138,-26.2064,5
-29.6539,-54.5102,0
-23.1888,-24.8176,0
-23.8610,-24.3358,0
-23.9025,-26.5587,3
-23.9918,-28.4295,3
-21.6273,-22.4812,0
-21.9036,-28.6968,3
-21.4709,-27.1076,0
-16.0126,-69.1056,0
  6.7589,-74.1944,0
-21.2347,-25.8773,3
-21.9035,-28.6971,3
-23.9110,-27.8574,0
-36.9393,-68.0763,0
-29.6382,-56.5329,0
-20.9730,-25.1146,0
-21.8451,-28.1647,0
-22.1482,-27.2975,3
-29.3776,-55.9412,0
-29.4480,-55.2777,0
-21.3315,-26.4801,3
-21.9034,-28.6973,3
-22.2891,-26.2625,0
 25.0917,-85.6292,0
-20.9729,-25.1149,0
-23.9987,-28.4345,3
 22.7808,-94.3397,0
-21.9034,-28.6972,3
-23.9021,-26.5596,0
-23.9363,-24.5416,0
-24.4080,-26.3421,5
-21.8450,-28.1649,3
-21.1237,-25.5165,3
-21.2352,-25.8786,3
 29.9626,-44.8926,0
-22.2890,-26.2625,0
-21.6269,-22.4816,0
-21.8449,-28.1648,3
-21.8244,-26.9018,3
 24.3371,-88.4927,0
-29.5408,-54.7888,0
-21.9033,-28.6970,3
-23.8457,-26.1101,0
-22.1479,-27.2979,3
 -9.7041,-51.2199,0
  6.7292,-74.3817,0
 24.9216,-88.2780,0
-24.4078,-26.3423,0
-30.4701,-53.6941,0
-23.9020,-26.5592,3
-22.2891,-26.2621,0
-29.8443,-54.1492,0
-21.8450,-28.1641,3
-23.9844,-28.4240,3
-23.5128,-26.2087,5
-23.1730,-24.8285,5
-29.3888,-55.2022,0
-21.9034,-28.6966,3
-23.8644,-24.3346,5
-21.6272,-22.4808,0
-21.2310,-25.8741,3
-23.9104,-27.8586,0
-21.8451,-28.1638,3
-21.8455,-28.1634,3
-23.9024,-26.5582,3
-21.1239,-25.5155,3
-21.3314,-26.4801,5
-21.8245,-26.9009,3
-23.5130,-26.2075,0
-23.9363,-24.5406,0
-23.8462,-26.1086,0
-24.5472,-22.6147,0
-21.8456,-28.1632,3
-21.9039,-28.6958,3
  6.7682,-74.4659,0
 24.8040,-85.5437,0
 24.2491,-88.4434,0
-22.1482,-27.2969,3
