-25.7831,-22.8305,5
-26.0385,-30.9094,3
-26.0385,-30.9096,3
-25.9534,-28.1421,3
-26.9559,-24.2873,3
-26.0385,-30.9095,3
-25.9674,-30.6187,3
-26.1727,-30.0551,3
-25.9469,-29.6384,3
-25.9497,-26.8317,3
-25.9534,-28.1421,3
-27.4273,-21.0704,5
-26.0386,-30.9094,3
-26.9559,-24.2873,3
-25.9651,-23.8959,0
-25.9534,-28.1421,3
-26.0385,-30.9095,3
-25.9721,-30.6222,3
-26.1727,-30.0551,3
-25.7802,-22.8276,0
-26.0386,-30.9095,3
-25.9588,-25.3324,3
-26.0385,-30.9096,3
-26.9559,-24.2874,3
-25.9470,-29.6384,0
-25.9534,-28.1422,3
-26.0385,-30.9096,3
-25.9713,-30.6217,3
-25.9122,-23.4016,3
-26.1727,-30.0552,3
-25.9533,-28.1423,3
-26.0385,-30.9097,3
-27.2027,-23.1329,0
-25.9905,-53.8770,0
-25.9713,-30.6219,3
-25.9497,-26.8317,3
-25.9533,-28.1423,3
-26.5088,-63.4457,0
-26.0383,-30.9096,3
-25.9650,-23.8960,0
-26.1726,-30.0554,3
-26.0384,-30.9098,3
-26.9558,-24.2876,3
-25.9710,-30.6219,3
-25.9532,-28.1426,3
-27.6507,-62.1120,0
-26.0382,-30.9101,3
-26.6635,-26.1871,3
-25.9716,-30.6229,3
-26.7297,-63.5623,0
-25.9530,-28.1428,3
-26.9554,-24.2881,3
-25.9494,-26.8323,3
-28.7122,-58.9049,0
-27.4273,-21.0708,0
-26.1723,-30.0557,3
-26.5347,-27.3424,5
-25.9714,-30.6227,3
-25.9529,-28.1429,3
-26.0381,-30.9102,3
 -7.0454,-57.3256,0
-27.2672,-23.4935,5
-25.9712,-30.6228,3
-26.1721,-30.0561,3
-25.9528,-28.1432,3
-25.7800,-22.8282,0
-25.9713,-30.6234,3
-25.9117,-23.4024,3
-25.9490,-26.8328,3
-26.9551,-24.2886,3
-25.9526,-28.1434,3
-25.9712,-30.6234,3
-27.3638,-57.0599,0
-26.0378,-30.9106,3
 -2.4883,-54.8090,0
-26.5059,-27.3989,3
-25.9525,-28.1433,3
-25.9711,-30.6234,3
-26.6630,-26.1879,3
-26.1718,-30.0563,3
-25.9711,-30.6234,3
-25.8594,-29.6946,0
-25.9488,-26.8330,3
-25.9584,-25.3331,5
-27.2635,-23.4923,0
-25.9523,-28.1435,3
-26.9549,-24.2888,0
-25.9709,-30.6237,3
-27.4265,-21.0721,0
-25.9561,-53.7940,0
-26.5020,-27.4061,3
-25.9522,-28.1437,3
-26.1716,-30.0565,3
-25.9707,-30.6236,3
-25.9485,-26.8333,3
-26.6625,-26.1884,3
-25.9522,-28.1437,3
-25.9709,-30.6237,3
-26.0375,-30.9107,0
-27.2736,-23.5013,0
 -6.9458,-57.2528,0
-25.2965,-18.5145,0
-26.1715,-30.0567,3
-25.9705,-30.6238,3
-26.5013,-27.4076,3
-25.9522,-28.1439,3
-25.9708,-30.6239,3
-26.6624,-26.1886,3
-25.9485,-26.8334,3
-25.9111,-23.4034,3
-25.9576,-25.3341,0
-25.9709,-30.6239,3
-25.9522,-28.1439,3
 40.8307,-52.6841,0
-26.5013,-27.4077,3
-27.2289,-63.2861,0
-28.1772,-59.8760,0
-25.9709,-30.6239,3
-25.9486,-26.8335,3
-26.1715,-30.0569,3
-25.9523,-28.1439,3
-25.9708,-30.6240,3
-26.8558,-24.5021,0
-25.9286,-53.8730,0
-26.5014,-27.4078,3
-25.9379,-29.7561,3
-26.6625,-26.1888,3
-25.9710,-30.6240,3
-26.4352,-28.4068,5
  4.5974,-24.7210,0
-25.9524,-28.1440,3
-25.9488,-26.8336,3
-25.9712,-30.6239,3
-26.5016,-27.4078,3
  6.2399,-76.5258,0
-25.9381,-29.7560,3
-25.7791,-22.8296,0
-25.9714,-30.6237,3
-25.9527,-28.1437,3
-26.1718,-30.0569,3
-25.9491,-26.8333,3
-25.9713,-30.6239,3
-26.5019,-27.4076,3
-27.4263,-21.0728,0
  3.2205,-78.3929,0
-25.9698,-30.6250,3
-26.6629,-26.1887,3
-25.9113,-23.4037,3
-25.9387,-29.7563,3
-25.9528,-28.1439,3
-25.9715,-30.6241,3
-26.3674,-28.5370,3
-26.5019,-27.4079,3
-25.9492,-26.8337,3
-25.9392,-29.7568,3
-25.9716,-30.6240,3
-25.9529,-28.1440,3
-26.5021,-27.4076,3
-25.9396,-29.7568,3
-25.9717,-30.6238,3
-25.9494,-26.8334,3
-26.1722,-30.0569,3
-25.9531,-28.1438,3
-25.9718,-30.6237,3
-25.7797,-22.8298,0
-26.3510,-28.5687,3
-26.5022,-27.4075,3
-27.2688,-23.4971,0
-26.1247,-30.8583,3
-25.9717,-30.6239,3
-25.2974,-18.5146,0
-25.9398,-29.7568,3
-26.8565,-24.5020,3
-25.9715,-30.6241,3
-26.6634,-26.1886,3
-25.9532,-28.1439,3
-25.9495,-26.8334,3
-25.9396,-29.7566,3
-26.5023,-27.4076,3
-25.9718,-30.6238,3
-26.1218,-30.8639,3
-26.3490,-28.5726,3
-25.9399,-29.7567,3
-25.9533,-28.1437,3
-25.9719,-30.6238,3
-27.4270,-21.0727,0
-26.1725,-30.0567,0
-25.9496,-26.8333,3
-25.2975,-18.5147,0
-26.8568,-24.5019,3
-25.9720,-30.6239,3
-25.7801,-22.8296,0
-26.5024,-27.4076,3
-25.9726,-53.7969,0
-25.9399,-29.7569,3
-26.3459,-28.5789,3
-27.2625,-23.4912,0
-25.9714,-30.6245,3
-26.1037,-30.8950,3
-25.9533,-28.1440,3
-26.5024,-27.4079,3
-26.8568,-24.5023,3
-25.9119,-23.4037,3
-25.9399,-29.7571,3
-25.9719,-30.6240,3
-25.9497,-26.8337,3
-26.3463,-28.5782,3
-26.5024,-27.4078,3
-25.9720,-30.6240,3
-25.9400,-29.7569,3
-26.1726,-30.0570,0
-25.9534,-28.1440,3
-26.0803,-30.9380,3
-25.9719,-30.6241,3
-25.9400,-29.7569,3
-26.3459,-28.5790,3
-26.8573,-24.5025,3
-26.5025,-27.4078,3
-25.9497,-26.8336,3
-25.9719,-30.6242,3
-25.7802,-22.8298,0
-26.0591,-30.9752,3
-25.9386,-29.7580,3
-26.3459,-28.5792,3
-25.9534,-28.1441,3
-25.9719,-30.6243,3
-26.5025,-27.4080,3
-25.5431,-54.0517,0
-26.8574,-24.5020,3
-25.9400,-29.7570,3
-25.9498,-26.8337,3
-26.0462,-30.9981,3
-26.3460,-28.5790,3
-25.9534,-28.1440,3
-25.9721,-30.6240,3
-26.6636,-26.1887,0
-25.9400,-29.7570,3
-24.3839,-46.2022,0
-26.5025,-27.4078,3
-26.8600,-24.4996,3
-25.9718,-30.6244,3
-26.0415,-31.0071,3
-26.3459,-28.5791,3
-27.0459,-24.2153,0
-25.9718,-30.6243,3
-26.8605,-24.4982,3
-25.9397,-29.7573,3
-26.0405,-31.0088,3
-26.3458,-28.5793,3
-25.9497,-26.8337,3
-25.7802,-22.8300,0
-25.9533,-28.1442,3
-26.5024,-27.4080,3
-25.9720,-30.6242,3
-25.9399,-29.7571,3
-26.0393,-31.0100,3
-26.8693,-24.4885,3
-26.3459,-28.5790,3
  2.1173,-80.0857,0
-25.9719,-30.6240,3
-25.9533,-28.1439,3
-26.0337,-31.0203,3
-25.9400,-29.7568,3
-26.5024,-27.4076,3
-25.9497,-26.8335,3
-25.7801,-22.8300,0
-26.8694,-24.4885,3
-26.3460,-28.5787,3
-25.9122,-23.4038,3
-26.0329,-31.0221,3
-25.9713,-30.6242,3
-25.9400,-29.7567,3
-26.5025,-27.4074,3
-26.8625,-24.4961,3
-26.3459,-28.5786,3
-27.2674,-23.4955,0
-28.4913,-59.1179,0
-26.0327,-31.0217,3
-26.7944,-57.3169,0
-26.8690,-24.4883,3
-27.4274,-21.0728,0
-26.5023,-27.4074,3
-25.9720,-30.6236,3
-26.3458,-28.5787,3
-26.0333,-31.0209,3
-25.9399,-29.7565,3
-25.9533,-28.1435,3
-26.8708,-24.4871,3
-25.9497,-26.8331,3
-25.9719,-30.6233,3
-26.0321,-31.0228,3
-25.7178,-53.8862,0
-25.7801,-22.8294,0
-26.3458,-28.5783,3
-25.9397,-29.7563,3
-26.5024,-27.4070,3
-26.8724,-24.4857,3
-25.9720,-30.6233,3
-26.0320,-31.0229,3
-26.3459,-28.5782,3
-25.9397,-29.7563,3
-26.8614,-24.4975,3
-26.0318,-31.0231,3
-26.3457,-28.5782,3
-28.1185,-58.9141,0
-25.2976,-18.5139,0
-25.9715,-30.6235,3
-26.8655,-24.4894,3
-26.0315,-31.0233,3
-26.5023,-27.4070,3
-25.9533,-28.1432,3
-25.9398,-29.7563,3
-25.9496,-26.8328,3
-26.0321,-31.0227,3
-26.8827,-24.4769,3
-27.4272,-21.0719,0
-25.9717,-30.6231,3
-26.3457,-28.5783,3
-25.9399,-29.7562,3
-25.9089,-64.3102,0
-26.0316,-31.0229,3
-25.9532,-28.1431,3
-26.8920,-24.4680,3
-25.9717,-30.6231,3
-25.9397,-29.7558,3
-25.9496,-26.8326,3
-26.0317,-31.0229,3
-26.3458,-28.5779,3
-26.5023,-27.4067,3
-26.8789,-24.4829,3
-25.9398,-29.7558,3
-26.0317,-31.0228,3
-26.8756,-24.4729,3
-26.3457,-28.5777,3
-25.9320,-53.8719,0
-25.9719,-30.6228,3
-26.0317,-31.0228,3
-26.8921,-24.4557,3
-25.9121,-23.4028,3
-25.9398,-29.7557,3
-26.0317,-31.0227,3
-25.9533,-28.1427,3
-26.3458,-28.5776,3
-25.9496,-26.8321,3
-26.8985,-24.4666,3
-25.9720,-30.6226,3
-25.9399,-29.7555,3
-26.0317,-31.0226,3
-26.5023,-27.4063,3
-26.9052,-24.4436,3
-26.0318,-31.0224,3
-26.3459,-28.5774,3
-26.2595,-30.0004,3
-25.9393,-29.7546,3
 -2.1318,-80.4905,0
-26.8749,-24.4856,3
-24.1937,-46.2118,0
-25.7801,-22.8280,0
-26.0315,-31.0227,3
-25.9720,-30.6225,3
-25.0498,-64.6217,0
  2.2152,-80.0300,0
-27.2664,-23.4935,5
-26.8674,-24.4919,3
-25.9668,-53.8068,0
-25.9533,-28.1424,3
-26.0317,-31.0227,3
-25.9498,-26.8318,3
-26.9569,-24.3550,3
-25.9400,-29.7554,3
-25.9722,-30.6224,3
-26.3459,-28.5775,3
-26.0320,-31.0225,3
-25.9536,-28.1422,3
-26.9031,-24.4627,3
-26.5025,-27.4060,3
-26.2585,-30.0024,3
-26.3460,-28.5772,3
-26.0320,-31.0223,3
-27.2029,-23.1330,0
-25.9396,-29.7556,3
-25.9499,-26.8317,3
-26.8764,-24.4844,3
-25.9719,-30.6225,3
-25.7803,-22.8277,0
-26.0318,-31.0225,3
-25.9400,-29.7553,3
-25.9535,-28.1422,3
-26.8959,-24.4686,3
-26.0319,-31.0224,3
-26.3461,-28.5772,3
-25.9401,-29.7552,3
-26.8840,-24.4782,3
-26.0318,-31.0225,3
-25.9722,-30.6223,3
-25.9123,-23.4018,3
  5.4118,-78.1476,0
-27.0603,-24.0613,3
-25.9499,-26.8317,3
-26.9197,-24.4492,3
-25.9403,-29.7552,3
-26.0322,-31.0223,3
-25.7804,-22.8277,0
-25.9537,-28.1421,3
-26.9325,-24.4388,3
-25.9404,-29.7551,3
-26.0322,-31.0222,3
-25.9724,-30.6222,3
-26.3462,-28.5772,3
-27.4274,-21.0708,0
-26.2372,-30.0413,3
-26.9220,-24.4474,3
-26.0322,-31.0223,3
-25.9403,-29.7553,3
-27.5151,-60.8700,0
-25.9501,-26.8316,3
-26.0321,-31.0226,3
-26.9110,-24.4566,3
-27.2659,-23.4918,0
-26.0317,-31.0229,3
-27.0589,-24.0651,3
-25.9404,-29.7554,3
-26.9051,-24.4615,3
-25.9538,-28.1423,3
-26.0323,-31.0226,3
-25.9725,-30.6225,3
-26.3463,-28.5774,3
-25.9502,-26.8319,3
-25.9405,-29.7554,3
-26.9381,-24.4346,3
-26.5027,-27.4060,0
-26.0324,-31.0224,3
-25.2982,-18.5126,0
-25.9540,-28.1422,3
-25.9407,-29.7552,3
-26.1990,-30.1115,3
-26.9279,-24.4428,3
-26.0326,-31.0223,3
-26.9128,-24.4553,3
-25.3267,-64.6119,0
-25.9398,-29.7559,3
-26.0324,-31.0226,3
-27.4280,-21.0705,0
-26.1788,-30.1485,3
-25.9726,-30.6224,3
-27.0571,-24.0695,3
-26.0323,-31.0228,3
-26.0239,-53.8772,0
-26.8955,-24.4695,3
-25.9504,-26.8317,3
-25.9127,-23.4018,3
-26.0323,-31.0229,3
-25.9405,-29.7558,3
-26.3465,-28.5773,3
-26.9338,-24.4386,3
-25.9539,-28.1427,3
-26.0324,-31.0228,3
-25.9503,-26.8322,3
-25.9405,-29.7556,3
-26.9313,-24.4406,3
-26.0324,-31.0229,3
-27.0570,-24.0702,3
-26.1825,-30.1420,3
-26.9181,-24.4516,3
-25.9404,-29.7560,3
-27.2649,-23.4911,0
-26.0323,-31.0231,3
-26.9013,-24.4653,3
-27.4280,-21.0713,0
-26.1728,-30.1597,3
-26.0321,-31.0234,3
-28.6198,-58.9503,0
-26.9221,-24.4486,3
-25.9403,-29.7563,3
-25.9717,-30.6229,3
-26.0321,-31.0234,3
  2.2237,-30.1987,0
 40.8202,-52.6771,0
-25.9501,-26.8327,3
-27.0555,-24.0735,3
-26.9328,-24.4399,3
-25.9402,-29.7563,3
-25.9537,-28.1432,3
-26.0321,-31.0234,3
