-28.4938,-54.3243,0
-22.5755,-46.2878,0
-27.0906,-53.1235,0
-12.7147,-55.2902,0
-29.3779,-57.8114,0
-20.6417,-65.9473,0
-23.0941,-66.4477,0
-14.5618,-54.4147,0
-11.0983,-57.1294,0
 -4.8723,-43.0334,0
-12.3850,-55.9346,0
-29.3893,-62.0082,0
-29.3756,-59.4079,0
-21.1192,-49.8238,0
-25.5518,-65.2456,0
-30.3413,-58.9516,0
-28.3781,-66.0282,0
-14.2302,-54.8692,0
-24.6837,-51.7829,0
-30.3205,-59.6830,0
-26.8724,-48.9672,0
-28.4978,-64.3896,0
-16.2906,-70.0202,0
-22.4085,-51.3029,0
-13.8783,-54.8685,0
-20.2211,-52.7040,0
-29.2235,-57.7781,0
-28.7815,-49.4000,0
 -0.9714,-47.1399,0
-24.1358,-51.4949,0
 -7.8211,-53.5793,0
-28.9944,-51.9905,0
-32.6479,-47.9228,0
-30.7779,-57.7931,0
-13.3426,-54.3996,0
-14.1759,-54.8760,0
-30.1946,-60.3792,0
 -9.2448,-54.8625,0
-29.7223,-60.5321,0
-16.9309,-61.2242,0
-31.1950,-57.5437,0
-20.9593,-50.0248,0
 -9.9078,-52.5963,0
 -7.2947,-56.8307,0
-30.0796,-59.9949,0
-33.8112,-46.0628,0
-22.1197,-46.2187,0
-21.8202,-50.6376,0
-30.4449,-49.6832,0
-29.8212,-59.5773,0
-27.3701,-66.7227,0
-32.7846,-47.7544,0
-29.2992,-61.9950,0
-29.0894,-51.7674,0
-30.9954,-61.8838,0
-28.8384,-55.9097,0
 -4.1749,-43.9634,0
-29.2038,-59.2516,0
-26.1858,-64.9390,0
 -7.3995,-38.6129,0
-31.5274,-59.1304,0
-28.2674,-52.5749,0
-24.0365,-54.5135,0
-30.1395,-65.5864,0
-11.2169,-57.1757,0
-25.0082,-54.0911,0
-21.8838,-46.7857,0
  5.7913,-76.2875,0
 -7.8040,-53.4536,0
-31.3361,-59.2732,0
-29.8454,-60.5372,0
-29.4390,-60.7388,0
-29.2645,-61.6190,0
-29.4902,-57.9653,0
-15.1802,-72.5457,0
-12.5453,-61.8905,0
-30.3852,-58.2360,0
-13.6879,-54.8436,0
-30.1075,-59.0839,0
-22.5289,-51.3577,0
-31.3588,-59.4947,0
-30.8252,-61.9699,0
 -5.4398,-40.1947,0
-29.0017,-62.1867,0
-14.4076,-54.8488,0
-11.9311,-56.5418,0
-29.2359,-65.0603,0
-15.7513,-70.3887,0
 -6.0790,-41.8653,0
-28.7801,-62.2755,0
-31.3378,-59.4547,0
-14.1739,-54.9569,0
-21.0436,-49.9863,0
-22.2765,-51.2309,0
-20.7145,-66.0080,0
-16.0761,-70.2551,0
 -7.8386,-53.4571,0
 -9.0843,-55.9615,0
-29.2140,-59.1965,0
-14.8650,-71.7349,0
 -9.2330,-53.5974,0
-24.6515,-51.6374,0
-29.3978,-61.6340,0
-13.8120,-58.9679,0
-13.0526,-54.1917,0
-11.1557,-57.1249,0
 -7.6103,-39.3810,0
-15.4401,-70.3937,0
-29.2575,-62.0445,0
-14.1945,-54.8740,0
-28.9391,-64.9339,0
-32.7022,-47.8703,0
-29.1955,-52.1422,0
-21.7607,-50.5377,0
 -9.0405,-52.7066,0
 -9.5558,-77.4247,0
-29.7253,-60.5940,0
-28.4495,-54.3276,0
-16.7209,-69.2882,0
-12.7899,-55.2518,0
-21.3337,-66.3015,0
-29.1659,-58.4578,0
 -8.2733,-55.1808,0
 -3.9795,-45.1754,0
-29.9657,-59.1349,0
-24.1355,-51.4952,0
 -9.4059,-54.0490,0
-21.8874,-50.7353,0
-29.3309,-58.1931,0
-28.9070,-62.1299,0
-30.6081,-59.2142,0
-11.5624,-56.9259,0
-17.2267,-60.9506,0
-30.1976,-56.0000,0
-14.4471,-55.8333,0
-30.0728,-60.1732,0
-27.0127,-49.1237,0
 -8.9669,-52.7542,0
 -5.1675,-41.9979,0
 -4.0340,-44.4935,0
-12.3673,-52.6478,0
-16.2983,-70.0388,0
-29.7410,-60.5065,0
-22.4928,-48.3243,0
-31.5821,-60.7039,0
-27.0364,-67.5460,0
-29.6983,-59.2911,0
-11.9140,-56.2580,0
-29.4114,-57.7715,0
-32.8006,-47.7560,0
 -8.2105,-52.9089,0
 -6.4136,-39.1037,0
-29.3900,-61.5465,0
-24.0470,-54.5402,0
-13.0389,-54.1008,0
-30.0125,-58.6412,0
-22.3905,-51.2236,0
-32.5448,-47.9396,0
-14.4842,-54.6894,0
-12.2006,-56.2936,0
-33.7596,-46.0178,0
-28.3007,-65.9613,0
-13.4178,-54.4167,0
-28.7854,-49.4116,0
-25.5419,-65.1494,0
-36.9485,-43.3620,0
-20.7414,-66.0628,0
-29.4036,-61.3669,0
 -9.0033,-55.7121,0
-20.3003,-52.7031,0
-28.2213,-66.1300,0
-29.4484,-60.7370,0
 -8.4039,-59.7382,0
-28.1193,-68.2113,0
 -2.8249,-46.2224,0
  3.9448,-84.5690,0
-28.8346,-62.2509,0
-29.2210,-61.7306,0
-30.6617,-60.0626,0
-26.8501,-49.3541,0
-11.9265,-56.5367,0
 -9.1459,-53.1794,0
-29.0147,-55.6976,0
-29.1478,-62.0287,0
  0.7200,-79.6501,0
-11.6575,-75.8951,0
-29.9762,-50.4557,0
  2.4208,-70.0733,0
-13.2511,-46.6943,0
-15.3331,-70.5046,0
-25.4294,-65.3066,0
-27.2569,-53.0786,0
-21.5524,-66.9402,0
-29.3364,-62.0374,0
 -9.5878,-58.0979,0
-29.1792,-61.4632,0
-29.7820,-60.3196,0
-12.4648,-55.8635,0
 -9.1667,-54.7504,0
-31.7694,-48.6877,0
-19.4110,-52.7759,0
 -7.6953,-53.3999,0
-12.0284,-56.4084,0
 -8.4348,-53.0871,0
-30.1913,-65.4784,0
-29.1580,-56.7550,0
 -6.0768,-41.8662,0
-14.2076,-54.9018,0
-12.4862,-61.9579,0
 -3.3979,-45.2992,0
-29.6456,-60.6632,0
-14.0278,-54.9052,0
-28.6896,-65.9091,0
-29.4663,-62.0647,0
-28.3067,-65.5908,0
-29.3120,-61.9241,0
 -1.6991,-49.8802,0
 -7.8207,-53.5506,0
-24.2585,-54.4992,0
-29.9299,-50.4396,0
-28.5857,-62.9858,0
-29.7880,-59.2122,0
-30.7428,-59.1578,0
-32.4763,-48.0797,0
-30.0302,-60.2992,0
-29.3241,-58.5451,0
 -4.6955,-43.1874,0
-11.1522,-57.1056,0
-26.9044,-49.1355,0
-14.4289,-55.7461,0
-29.1534,-61.4081,0
-14.4073,-54.8432,0
-23.9587,-54.5997,0
-11.8546,-56.0147,0
 -3.2006,-45.0836,0
-29.8139,-60.4521,0
-22.4809,-51.2194,0
-30.7479,-58.0325,0
-29.4602,-49.1826,0
-29.3029,-61.5842,0
-28.9952,-51.9548,0
-29.2849,-63.3760,0
-20.5186,-52.6156,0
-24.0760,-51.6089,0
-26.2518,-53.0925,0
-32.5851,-47.9415,0
-30.2390,-59.7630,0
-11.0142,-57.9312,0
-11.9357,-56.5765,0
-30.7921,-49.3571,0
-26.7767,-49.2853,0
-29.6177,-59.4318,0
-32.8008,-47.7559,0
-30.9795,-61.6883,0
-21.2108,-49.7733,0
-14.4932,-54.7203,0
-29.5138,-61.5964,0
 -7.7640,-53.4621,0
-24.6318,-51.8265,0
-12.7139,-55.2368,0
 -1.9270,-49.6141,0
-22.3500,-46.3227,0
-12.9648,-53.6234,0
 -2.8594,-46.0243,0
-14.1966,-58.6137,0
-26.8762,-49.0807,0
-11.1767,-57.1980,0
-13.4155,-54.3291,0
-14.1755,-54.8821,0
-29.9567,-49.1788,0
-30.9901,-61.8260,0
-22.3793,-51.1501,0
 -5.3123,-41.9685,0
-28.9186,-53.6414,0
-20.6751,-65.9510,0
-29.0806,-61.7579,0
-21.9515,-50.7522,0
-23.0905,-66.7452,0
-25.0071,-49.5409,0
 -3.1990,-46.8908,0
-29.8692,-60.1870,0
-21.5601,-66.0911,0
-27.0755,-67.4524,0
 -5.6326,-40.9307,0
  6.5361,-76.4511,0
 -7.3044,-38.5004,0
 -0.0618,-73.7503,0
 -5.3926,-40.2013,0
 -9.2435,-54.6962,0
-24.4857,-51.4925,0
-33.5611,-46.4207,0
-30.3548,-59.6722,0
-11.8631,-56.3969,0
-18.8542,-67.2325,0
-27.5086,-54.1976,0
-27.0155,-49.2027,0
-17.8309,-66.8143,0
-29.2941,-63.4391,0
-29.4281,-57.5856,0
-24.5988,-54.4176,0
-22.3598,-51.4041,0
-30.1776,-65.5839,0
 -4.9314,-57.9577,0
-28.5912,-64.0694,0
 -9.1645,-52.7675,0
-19.4333,-52.3010,0
-14.2529,-54.8669,0
-29.2306,-59.1843,0
 -7.6743,-55.7119,0
-30.5778,-49.8338,0
-22.4915,-51.2799,0
-23.6214,-46.0382,0
-11.2480,-57.1970,0
-29.1242,-62.2779,0
-31.6592,-48.7261,0
 -3.3710,-46.0813,0
-26.8754,-49.0743,0
-26.7693,-50.3833,0
-29.6104,-58.6462,0
-29.6582,-51.2127,0
 -7.8400,-53.4568,0
-20.6173,-50.5044,0
 -8.4464,-61.8812,0
-29.4747,-61.3201,0
 -6.0769,-41.8675,0
-14.1486,-54.8791,0
-29.3911,-61.9153,0
-26.8596,-49.2676,0
-29.4447,-61.7147,0
 -9.2453,-54.8330,0
-30.2052,-60.0497,0
-29.4309,-57.7876,0
-29.3170,-49.0556,0
-28.9005,-62.1813,0
-27.4837,-66.7199,0
-22.2537,-51.4177,0
-29.2492,-65.1085,0
-22.3452,-50.7589,0
 -5.5389,-58.6918,0
-12.0182,-56.4079,0
-21.3305,-49.6811,0
-22.5192,-46.2121,0
-29.2799,-52.1150,0
-27.2676,-53.1122,0
-29.7271,-60.5461,0
-22.5802,-51.3321,0
-29.4522,-62.0179,0
 -9.2446,-54.8622,0
-13.0965,-46.7983,0
-28.5217,-64.4169,0
-28.3244,-66.0045,0
 -7.8247,-53.5650,0
-28.9793,-62.1410,0
-27.1089,-52.5987,0
-27.5328,-48.9609,0
-14.0267,-54.8972,0
 -9.8907,-52.5598,0
-31.9238,-48.6823,0
-20.4959,-52.7189,0
-29.4783,-61.0878,0
-30.1622,-60.1475,0
 -0.5335,-78.6486,0
-23.2834,-48.7083,0
-32.6551,-47.9178,0
 -9.0123,-55.6678,0
-27.0605,-67.5193,0
-29.4837,-61.4334,0
-11.9010,-56.5625,0
 -9.4028,-54.0511,0
-13.8040,-58.9753,0
-12.7131,-55.2837,0
 -7.5966,-55.7310,0
-28.1836,-68.1484,0
 -3.8034,-44.6501,0
-29.6690,-49.1158,0
-30.6947,-59.6624,0
-32.8729,-47.7290,0
-22.4334,-51.4625,0
-31.5266,-48.7324,0
-29.2569,-61.6291,0
-13.3100,-54.3956,0
-26.8615,-49.0784,0
 -9.9420,-53.8343,3
-30.6449,-58.7263,0
-29.3151,-62.0046,0
-22.3060,-46.2652,0
-27.6674,-67.3698,0
-22.0086,-49.0660,0
 -9.9702,-53.5986,3
-29.7649,-60.5191,0
-21.8644,-46.8074,0
 -4.2500,-44.0281,0
 -9.0713,-53.2169,0
-28.2025,-54.3721,0
-30.3523,-58.1932,0
-30.9480,-57.8577,0
-13.4041,-54.4447,0
-13.6947,-54.7994,0
-12.1537,-56.2405,0
-14.4355,-55.7934,0
-11.2479,-57.2198,0
-14.3807,-61.5296,0
 -3.3493,-45.2721,0
-30.4068,-60.1578,0
-10.0179,-53.4692,3
 -5.1704,-41.9305,0
-29.3098,-50.0680,0
-23.2035,-48.7398,0
-29.4337,-60.7395,0
-29.3622,-49.1607,0
-11.0936,-57.5384,0
 -4.9309,-56.7046,0
-22.4924,-51.2539,0
-23.0913,-66.6779,0
-28.3779,-66.0282,0
-30.2532,-58.6657,0
 -9.6687,-54.1203,0
-27.2027,-52.9775,0
 -9.2418,-53.6055,0
 -3.5329,-50.5201,0
-28.4412,-54.2199,0
 -5.2822,-41.8656,0
-24.1358,-51.4947,0
-13.0355,-54.3015,0
-29.7093,-60.5014,0
-16.4606,-69.7272,0
-14.0228,-54.8108,0
 -3.2896,-55.0330,0
 -8.1973,-53.0417,0
-28.6234,-54.1739,0
-10.0561,-53.5620,0
-13.8498,-51.5144,0
-32.7022,-47.9423,0
-12.4116,-52.6269,0
-21.0280,-66.1156,0
-11.1783,-57.1270,0
-22.4746,-51.3618,0
-29.1813,-61.5354,0
-29.2039,-65.0791,0
-30.9456,-61.5254,0
-13.5944,-61.3719,0
-29.3536,-61.9800,0
-30.2684,-59.6596,0
-26.9359,-49.2926,0
 -3.2716,-46.2856,0
-28.8181,-65.7515,0
-15.7649,-70.3511,0
-30.1381,-65.5346,0
-30.4040,-59.3646,0
-29.9400,-56.5165,0
-14.2186,-54.8677,0
-29.7194,-60.5843,0
-29.6323,-59.3739,0
 -7.8394,-53.6240,0
-29.6833,-60.3268,0
-30.7565,-58.4815,0
-27.8090,-66.4660,0
 -3.8385,-45.3993,0
 -7.4369,-39.0886,0
-29.3989,-61.5871,0
-24.0860,-54.5552,0
-30.8505,-49.4738,0
-29.3129,-62.4836,0
-29.0012,-61.8138,0
-13.2692,-74.4581,0
 -2.8993,-46.0164,0
-12.7886,-55.3582,0
-29.2564,-59.2363,0
-30.0026,-50.6149,0
-27.9170,-65.9067,0
-29.6614,-51.1439,0
-30.7661,-58.5011,0
 -7.8387,-53.4657,0
-22.5472,-51.2675,0
-22.2218,-51.3684,0
-22.5485,-66.6400,0
 -9.1909,-54.7044,0
-29.7981,-49.1878,0
-30.8842,-59.1902,0
-28.9932,-65.0140,0
-23.9781,-54.5965,0
 -7.8382,-53.5338,0
-26.9997,-49.0318,0
-24.9376,-49.4669,0
 -2.4327,-48.7661,0
-28.6555,-49.7398,0
 -9.3218,-54.8536,0
-13.7982,-46.5303,0
-30.1110,-58.5907,0
-29.2518,-57.8058,0
 -8.9201,-55.4527,0
-26.8215,-49.1694,0
-30.0484,-59.0958,0
-21.7449,-50.5314,0
-32.7978,-47.7322,0
-13.0464,-61.5713,0
-25.3869,-65.3291,0
-21.8224,-49.3771,0
-12.5495,-55.4637,0
-31.7195,-48.6656,0
-14.0190,-54.8480,0
 -7.6198,-55.8432,0
-12.7902,-55.2629,0
-20.7563,-66.0659,0
-30.1580,-59.7913,0
-15.8023,-70.3053,0
-27.4265,-64.7522,0
-25.5519,-65.2522,0
-33.7318,-45.7668,0
 -7.2264,-48.8292,0
-28.5717,-53.9648,0
-29.3498,-49.3066,0
-24.9134,-66.6784,0
-22.5107,-48.3824,0
-32.6695,-48.0059,0
 -9.4036,-54.0349,0
 -5.3665,-42.0838,0
 -1.4760,-49.9404,0
-23.7753,-55.3068,0
-10.7453,-58.0968,0
-14.2301,-54.9383,0
-29.2547,-61.9299,0
-28.7838,-62.1716,0
-27.2716,-66.8258,0
-21.2178,-49.8416,0
  2.3457,-36.3117,3
 -8.9869,-55.7465,0
-29.3827,-61.5207,0
-14.0405,-54.9198,0
-22.4670,-46.8240,0
 -9.0993,-77.7328,0
-12.4459,-55.8764,0
-22.1733,-50.9210,0
-29.7092,-50.3192,0
-18.4739,-67.3962,0
-28.6154,-62.9822,0
-13.0429,-54.1591,0
-32.4642,-47.8622,0
-28.7171,-63.9977,0
-12.0012,-56.4414,0
-12.7219,-55.5115,0
-15.9615,-70.1950,0
-29.4044,-61.9868,0
 -6.0774,-41.8291,0
-30.4053,-49.2451,0
 -5.4299,-40.1238,0
-29.2446,-61.4822,0
-11.2492,-57.2019,0
-33.4861,-46.2264,0
  2.3260,-36.3700,0
-13.2281,-53.8234,0
-25.5512,-65.3095,0
  4.5667,-75.7311,0
 -7.3734,-55.8739,0
-12.9646,-53.6569,0
-21.2598,-49.7531,0
-20.6801,-50.4858,0
-14.1762,-54.8719,0
-22.4890,-51.3120,0
-34.6764,-45.3287,0
-29.2766,-62.0478,0
-28.9341,-62.1828,0
-27.3433,-50.5577,0
-29.1464,-52.1391,0
 -6.4382,-38.9229,0
-30.1693,-65.4711,0
-30.7619,-59.1681,0
 -4.7902,-41.8694,0
-11.0299,-57.5907,0
-26.1264,-64.8916,0
-32.2616,-48.1986,0
 -7.6535,-55.9006,0
 -4.8573,-43.0283,0
-13.9128,-54.8482,0
 -5.3692,-40.0302,0
-26.8584,-49.2562,0
 -9.0138,-52.7134,0
-24.4562,-51.4447,0
 -5.1252,-60.1968,0
 -7.4137,-48.9411,0
-21.8671,-46.7544,0
-29.3026,-63.4701,0
-28.9420,-64.9825,0
-30.6057,-57.8845,0
-29.5689,-61.5161,0
-23.1448,-66.5930,0
-22.4102,-46.3225,0
-32.7444,-47.7910,0
-14.4216,-55.8306,0
 -5.3206,-42.0870,0
-22.0171,-49.1549,0
-28.2719,-52.4784,0
-29.6735,-60.6156,0
-14.4999,-54.7082,0
-14.1748,-54.9302,0
-29.1917,-61.6471,0
-29.4516,-61.3589,0
  1.3077,-78.5069,0
-26.7987,-50.2410,0
-22.5373,-51.4358,0
-30.1737,-60.1778,0
-29.4785,-52.0481,0
-27.3696,-66.8065,0
 -7.5517,-39.2282,0
-11.1774,-57.0428,0
 -9.9499,-52.7119,0
-29.3904,-61.9884,0
-26.9365,-49.1376,0
