 14.5811,-130.2803,0
-11.9052,-54.0996,0
 -7.8156,-55.6292,0
-11.9179,-75.2116,0
-21.8554,-43.9845,0
  1.6954,-71.3227,0
-14.6230,-58.9973,0
-27.1100,-52.9525,0
-14.6380,-61.1973,0
-26.7501,-48.3313,0
 -3.9685,-61.2915,0
-14.7139,-73.0073,0
 -8.2512,-53.8547,0
-26.8540,-50.0829,0
-26.1035,-48.3307,0
-24.5502,-51.1111,0
-16.3646,-59.1306,0
-26.0057,-55.4305,0
 -7.7885,-54.7396,0
 -9.2067,-63.8203,0
 -8.7307,-54.0944,0
-17.4387,-61.0332,0
-14.7532,-56.6477,0
-26.4502,-54.2420,0
-19.4757,-55.2557,0
-19.3226,-66.8880,0
-25.2105,-47.7278,0
-16.1597,-59.6422,0
-26.0712,-48.2255,0
-24.4654,-47.6813,0
-15.7916,-59.6816,0
 -5.8376,-62.2665,0
-17.9090,-56.1838,0
  0.0982,-71.2600,0
-24.2439,-51.2816,0
-21.1691,-55.9395,0
-22.3301,-65.9192,0
-26.2464,-54.3823,0
 -4.2472,-45.3956,0
-15.6487,-59.7598,0
-26.6669,-53.0090,0
-25.9849,-50.5020,0
 -0.3190,-73.8815,0
-28.8264,-67.5285,0
 -7.6347,-45.0511,0
-25.8318,-49.2733,0
 -3.2863,-43.0284,0
-26.0247,-48.3379,0
 -3.6048,-60.5416,0
-19.5724,-67.3663,0
-12.2766,-61.8924,0
-19.3752,-55.3101,0
-27.2523,-52.9429,0
-13.5365,-56.6538,0
-23.6899,-62.8271,0
-26.5189,-54.3260,0
-19.4795,-58.7633,0
  0.6124,-71.4576,0
-15.6335,-60.9648,0
-16.2215,-59.6234,0
-21.1675,-46.3166,0
-17.0381,-57.1120,0
-11.7498,-60.7182,0
 -2.8432,-53.1494,0
-24.0656,-47.1352,0
-21.7892,-50.9103,0
  0.4666,-71.1841,0
-26.6587,-48.3216,0
-18.2340,-66.8644,0
-10.2293,-54.3068,0
-16.2661,-69.7235,0
-26.6536,-53.0790,0
 -8.1971,-54.0632,0
 -8.6044,-54.0142,0
-27.2239,-48.5051,0
-31.5940,-69.7532,0
-23.1441,-62.7359,0
-19.2569,-66.9565,0
-12.5551,-62.1465,0
 -8.7504,-53.9984,0
-27.2015,-48.5345,0
 -3.7892,-43.8877,0
 -3.4228,-42.9891,0
  3.0620,-69.5846,0
-16.3850,-59.2050,0
-15.3968,-55.6441,0
-16.1946,-59.6364,0
 -6.9970,-63.4700,0
-16.0326,-70.1595,0
-11.8865,-61.1372,0
-12.5262,-57.8148,0
 -8.5983,-46.0321,0
-14.6046,-58.9518,0
-11.0025,-60.3188,0
-15.6050,-70.6210,0
-24.7151,-47.6614,0
 -8.9834,-53.4661,0
-12.2005,-58.0410,0
-25.7944,-49.2744,0
-20.8257,-46.6559,0
-20.8483,-56.9065,0
-14.1698,-61.0591,0
-15.1942,-59.0851,0
-21.9423,-46.8841,0
-12.3758,-56.9201,0
-22.0053,-66.1256,0
-10.4440,-53.5829,0
-10.7554,-55.3856,0
 -7.3766,-56.3097,0
-14.7886,-56.6294,0
 -2.6812,-45.5378,0
-14.7104,-55.7415,0
 -3.1922,-45.1763,0
-21.8036,-46.8789,0
-26.7790,-51.2672,0
-12.1723,-55.9522,0
-27.0644,-52.9245,0
  0.0210,-77.0689,0
-12.4247,-58.1463,0
-10.2760,-46.4166,0
-22.1869,-55.7289,0
 -4.3169,-46.4081,0
 -4.3860,-47.3464,0
 -3.7705,-52.3528,0
-24.6315,-47.6811,0
-19.3906,-55.3501,0
 -7.8146,-54.6410,0
-14.4748,-55.7806,0
 -8.7203,-53.8678,0
-15.2014,-59.0694,0
-10.2297,-54.2825,0
-26.6950,-52.9931,0
 -7.6112,-56.0217,0
-12.5460,-57.8972,0
 -8.9778,-75.2344,0
-22.9256,-65.7805,0
-14.6899,-56.6330,0
-23.5938,-48.9372,0
 -7.8633,-54.4217,0
-26.7743,-51.7288,0
 -2.0149,-72.6871,0
-13.6518,-61.0122,0
-14.6285,-61.1637,0
-26.6637,-53.0071,0
-26.8486,-48.3650,0
 -8.7370,-54.0911,0
-12.0087,-54.1416,0
-10.0423,-53.0492,0
-26.5241,-54.3173,0
-26.2363,-53.6335,0
-22.3640,-65.9382,0
-26.1626,-48.4849,0
-26.6002,-51.2405,0
-16.2610,-69.7967,0
 -0.9365,-64.6308,0
 -7.5210,-56.2083,0
 -4.7134,-57.7239,0
 -9.8353,-44.6977,0
-26.1779,-51.5764,0
-16.3579,-59.2141,0
-21.7691,-43.9381,0
 -7.7292,-55.7033,0
-11.9019,-56.2926,0
 -4.9257,-60.2870,0
-12.1457,-55.8478,0
 -3.4117,-44.2760,0
-15.7897,-70.1994,0
-26.9746,-52.8576,0
-26.6063,-48.6246,0
-23.0078,-61.8678,0
-26.6697,-53.0835,0
-17.0150,-57.0072,0
-16.0395,-70.0594,0
-26.5154,-54.2156,0
 -7.7337,-54.7702,0
-19.4397,-55.2654,0
 -9.0373,-53.3617,0
 -9.2615,-77.6089,0
-22.2780,-50.7385,0
 -9.7671,-56.6687,0
  0.3746,-71.3985,0
-14.6291,-61.1813,0
 -8.5246,-46.0265,0
 -5.4966,-64.0016,0
-24.3557,-50.9843,0
-22.1408,-50.8061,0
-13.5597,-56.6059,0
-10.1301,-54.2435,0
-21.1800,-46.2411,0
-19.4011,-55.3252,0
-14.7326,-56.5856,0
 -3.7805,-59.8982,0
 -7.6522,-55.8501,0
-25.8600,-51.4231,0
-26.6692,-48.3002,0
-16.1952,-59.5904,0
-15.5182,-55.7077,0
 -8.0512,-54.0336,0
 -5.7850,-62.1726,0
-13.6697,-60.8066,0
  2.1752,-71.4607,0
 -7.8321,-54.5651,0
-26.6949,-52.9556,0
-19.6451,-67.1633,0
-22.1884,-66.1116,0
-16.2582,-69.8001,0
-15.1944,-59.0845,0
-32.3662,-70.4363,0
 -3.8971,-43.8310,0
 -0.6821,-77.0393,0
 -3.9744,-61.3510,0
 -7.8350,-54.6461,0
 -7.3416,-78.8375,0
-26.5954,-48.2636,0
-23.0997,-48.5755,0
-10.0959,-55.2586,0
-26.6281,-50.1424,0
-21.6484,-44.3168,0
-12.3600,-58.1650,0
 -3.9969,-58.7834,0
-26.2969,-51.2449,0
-18.9003,-68.6122,0
-25.8480,-49.2776,0
-15.7851,-70.4307,0
-10.9034,-57.0139,0
-26.7088,-52.1933,0
-14.6388,-72.9882,0
-19.4389,-55.3345,0
 -2.1343,-52.9644,0
-26.4538,-54.3290,0
-12.0479,-54.1258,0
-26.6551,-52.9679,0
-15.1956,-59.0280,0
-11.3157,-60.3708,0
-19.8205,-66.5363,0
 -8.8368,-45.4010,0
-19.2626,-66.9622,0
-17.5065,-60.9401,0
-23.2476,-55.5316,0
-17.9040,-56.1986,0
  2.9901,-68.9373,0
-14.5028,-58.9150,0
-21.9015,-46.7855,0
 -4.1110,-63.4215,0
 -4.2341,-50.0213,0
-22.0657,-66.2020,0
-26.1229,-48.3082,0
-19.6520,-67.1399,0
-25.2776,-51.6694,0
  1.1504,-71.3741,0
 14.5564,-130.3130,0
-16.2126,-59.6543,0
 -8.5641,-63.6135,0
-23.0613,-61.9444,0
-19.4015,-55.3337,0
-14.7505,-56.6234,0
 -5.0807,-60.5103,0
-17.8913,-56.2452,0
 -9.0746,-53.4182,0
-24.6577,-51.1160,0
-24.3583,-47.6511,0
-10.0222,-53.0592,0
 -7.9382,-54.3892,0
-27.3171,-48.3820,0
 -9.8026,-44.5599,0
-22.2658,-65.9541,0
-27.0959,-53.0758,0
-14.7054,-55.7293,0
-14.6282,-61.2737,0
-25.6208,-51.3800,0
-16.3985,-59.1850,0
-12.1601,-55.9355,0
-21.7445,-43.9207,0
-26.7120,-52.8620,0
-26.7227,-48.3064,0
 -8.5489,-63.9014,0
 -7.0280,-63.4625,0
-12.4870,-62.0543,0
  0.3446,-71.2288,0
 -3.6119,-60.5486,0
-26.5785,-51.1374,0
-22.8036,-49.0537,0
 -4.1281,-59.2842,0
-27.0638,-52.9153,0
-26.6603,-53.0615,0
 -0.3491,-71.1806,0
-22.5071,-65.9152,0
-25.7001,-50.6187,0
-14.6402,-61.1904,0
 -2.9456,-53.1562,0
-12.0158,-58.6261,0
 -7.7444,-54.8919,0
-21.5887,-46.4548,0
-22.7166,-66.0237,0
-14.7019,-58.8310,0
 -0.2438,-56.1842,0
-22.3988,-65.9200,0
-16.0597,-59.7331,0
-14.7973,-56.5569,0
-19.4284,-55.2653,0
-24.5685,-51.0582,0
-21.6574,-66.2296,0
-17.8413,-56.3751,0
-14.0011,-60.9964,0
-11.9804,-54.1416,0
 -9.7071,-56.7092,0
-19.8447,-66.5705,0
 -8.7327,-54.0940,0
 -7.7584,-54.5988,0
-21.7361,-44.3797,0
 -5.0368,-60.2942,0
-26.5209,-54.3200,0
-10.2539,-54.3128,0
-16.4522,-59.0358,0
-20.5813,-63.7052,0
-14.6271,-72.8210,0
-26.8648,-50.1108,0
-26.7160,-53.0176,0
-26.1377,-48.3963,0
 -7.9858,-54.1297,0
 -8.7157,-75.1510,0
-14.6506,-55.9006,0
-10.9366,-39.3046,0
-24.4253,-51.0820,0
-22.3340,-65.9500,0
-27.1585,-52.8605,0
-15.2197,-59.0443,0
-11.8742,-58.7915,0
 -6.5358,-62.3827,0
-21.9782,-66.1279,0
-19.4397,-55.3336,0
-26.4382,-51.1785,0
-21.6612,-44.0023,0
  1.6770,-71.3973,0
-11.5240,-53.6155,0
-15.8715,-70.0788,0
 -4.7610,-63.0085,0
-26.6528,-53.0859,0
-26.3154,-53.6577,0
-26.6463,-48.2761,0
-12.4965,-57.8762,0
-21.2921,-67.0728,0
 -7.8237,-54.5948,0
  2.0026,-61.4794,0
-14.6910,-56.6314,0
-14.6309,-61.2102,0
  0.6159,-71.4391,0
-14.0307,-73.9909,0
 -6.5821,-46.0961,0
-12.3903,-56.9439,0
-23.4641,-62.8903,0
-22.7510,-62.1239,0
-16.3585,-59.1433,0
-21.3234,-46.4084,0
-27.1797,-52.8667,0
-21.9133,-46.8811,0
 -3.6001,-40.5816,0
-24.3896,-47.6435,0
-12.1654,-55.9685,0
-28.5144,-67.7747,0
-21.1758,-67.0657,0
-19.4086,-55.3301,0
-26.3848,-54.1679,0
-11.1169,-60.4205,0
-16.3573,-59.2171,0
-12.4625,-57.2191,0
 -9.0391,-53.3491,0
-23.0696,-65.6625,0
-22.2135,-55.6963,0
-25.1350,-50.4594,0
-17.0002,-56.9348,0
 -7.8318,-54.6448,0
 -2.1606,-51.0266,0
-22.2200,-66.0801,0
-21.5635,-46.4501,0
  1.7160,-71.3729,0
