 24.5827,-93.9270,0
-40.9544,-67.3542,0
-25.8403,-59.5641,0
-36.2111,-64.7167,0
-35.8940,-63.6454,0
 24.1676,-94.5478,0
-35.9830,-64.8647,0
-18.1609,-67.5757,0
 26.0137,-91.0441,0
-36.7738,-63.2512,0
 -7.1802,-56.7600,0
-28.1795,-48.3400,0
 24.7110,-93.5265,0
 24.9131,-92.9404,0
 -9.9495,-48.7418,0
-34.3194,-65.4268,0
-10.5845,-48.0810,0
-36.2901,-64.5305,0
-37.7918,-62.5110,0
-36.1149,-64.6541,0
-34.8549,-64.9434,0
-28.5980,-54.3601,0
-33.3136,-67.7928,0
-36.5537,-63.5190,0
 -7.0445,-56.2656,0
 -3.4582,-74.2941,0
-37.0466,-63.1353,0
-21.8359,-43.6280,0
-35.1624,-64.9777,0
-19.2403,-66.9883,0
-10.1504,-54.5648,0
 24.5604,-93.9292,0
-15.9498,-69.5985,0
-33.6040,-67.1365,3
-39.6740,-63.2224,0
 23.6362,-94.5767,0
-11.8811,-59.3821,0
-35.9775,-63.7381,0
-36.4992,-63.4245,0
 28.8420,-88.1299,0
 26.4856,-90.5203,0
-25.7429,-59.5259,0
-19.9260,-44.1858,0
-37.8702,-62.4821,0
-36.2162,-64.7616,0
-33.6838,-67.1390,0
-36.0121,-64.3539,0
-34.8936,-65.0154,0
-41.6069,-63.8216,0
-35.0913,-65.1208,0
 26.5500,-90.5296,0
-35.8718,-63.8114,0
-37.0631,-63.2332,0
-37.6558,-62.5591,0
 28.7545,-88.1785,0
  2.9827,-56.6574,0
-37.4803,-62.5742,0
-10.0268,-48.6518,0
-38.4645,-62.6281,0
-36.0569,-64.8881,0
-36.6540,-63.3231,0
-35.0497,-64.9138,0
-17.4243,-67.2948,0
-36.2532,-64.6579,0
-28.1270,-49.9096,0
 -3.6190,-51.3415,0
-19.2197,-67.0298,0
-36.2400,-64.2522,0
-20.9382,-43.7372,0
-33.3173,-67.9723,0
-36.0371,-64.0962,0
-36.4677,-63.3512,0
-35.9841,-64.7850,0
 -1.3545,-75.2824,0
-25.8235,-59.5123,0
-18.5391,-67.4025,0
-19.7693,-43.9782,0
 25.2916,-84.5085,0
 26.5042,-90.5592,0
-35.2164,-65.2733,0
 23.6312,-94.6296,0
-37.3402,-62.6992,0
-37.1581,-63.1255,0
-28.5298,-54.2405,0
 24.7458,-93.5433,0
-36.4795,-63.5327,0
-35.4950,-65.0338,0
-34.8567,-64.9427,0
 24.5898,-93.9504,0
-37.5274,-62.5646,0
-36.6197,-63.3232,0
-36.3603,-64.5279,0
-38.4016,-62.6081,0
-28.3537,-48.3731,0
-36.7771,-63.1008,0
-35.9332,-63.7345,0
 23.6313,-94.6297,0
 -1.5764,-76.0613,0
-37.1027,-63.0390,0
-25.7415,-59.9708,0
-36.5703,-63.6071,0
-35.0119,-65.0623,0
-34.2408,-68.4773,0
-27.9032,-48.4913,0
-36.4538,-64.4615,0
-35.8816,-63.5480,3
 -6.4279,-55.6239,0
  5.1377,-76.8458,3
-35.9155,-64.7489,0
 26.5612,-90.4694,0
-21.8538,-43.5923,0
 23.8391,-94.0430,3
-28.9441,-54.5996,0
-36.3221,-64.7951,0
-37.0790,-63.2360,0
-35.0934,-65.0005,0
-23.8620,-55.5446,0
  5.0750,-76.7948,0
-27.1018,-49.8526,0
-35.8447,-63.8714,0
-35.9711,-64.8310,0
-34.8538,-64.9879,0
 23.8439,-94.0879,0
 26.5197,-90.5245,0
-36.5255,-63.3060,0
-36.3879,-64.5144,0
-36.6349,-64.2373,0
-35.9140,-63.4999,0
-37.0044,-63.1625,0
-28.7100,-49.3255,0
-36.0734,-63.8643,0
 23.6310,-94.6299,0
-35.8282,-63.8468,0
-10.4591,-57.6507,0
-37.8110,-62.5070,0
  3.1211,-76.7473,0
 24.2197,-92.8354,3
-36.5391,-63.5306,0
 -9.9788,-48.6794,0
-36.0553,-64.8580,0
 25.2026,-84.5178,0
-35.0198,-65.0118,0
-36.7092,-63.3333,0
-35.9251,-63.9253,0
 24.2368,-92.8173,0
-23.6897,-55.6190,0
 26.4629,-90.6655,3
 -7.5738,-62.4025,0
-36.1447,-64.7443,0
-37.1330,-63.1155,0
-15.1900,-70.1607,0
-11.5976,-56.9828,0
 24.7091,-93.5209,0
 23.6309,-94.6300,0
-36.1750,-64.1112,0
-38.3731,-62.5891,0
-34.8040,-64.9510,0
-36.5398,-63.4092,0
-27.8128,-48.8444,0
-33.7571,-67.7848,0
-35.7753,-63.6706,0
-36.0675,-64.8733,0
 24.9272,-93.9965,0
-33.7429,-66.2205,0
 24.8709,-92.9823,3
 26.0637,-91.1438,0
-36.2122,-64.6418,0
-36.9968,-63.1894,0
-35.9840,-64.7966,0
-38.3582,-62.5925,0
 26.5258,-90.5366,0
 24.7864,-93.5418,0
-11.6697,-57.0781,0
 -6.8088,-57.4613,0
-10.4936,-47.4343,0
-36.3907,-64.3448,0
-36.6245,-63.3405,0
 24.8248,-93.1171,0
-36.2551,-64.2508,0
-11.4856,-59.7695,0
-35.5141,-65.0155,0
-36.3636,-64.5937,0
  5.1434,-76.8027,0
-34.4931,-65.2044,0
-28.2177,-48.3335,0
-20.9483,-43.5331,0
-15.2082,-70.4134,0
-22.2483,-66.4198,0
 26.5385,-90.5284,0
-34.8544,-64.9438,0
-33.4659,-67.9891,0
-35.9998,-64.1133,0
-35.1072,-65.0167,0
-36.4527,-64.5043,0
 23.6335,-94.5560,0
-37.3278,-62.8330,3
-36.5701,-63.5558,0
-35.9437,-63.8375,0
 26.0600,-91.0776,0
 -1.2866,-75.3270,0
-10.5228,-47.3874,0
-37.3128,-62.8992,0
-41.4380,-63.6775,0
 25.6128,-92.6892,0
 26.5822,-90.5044,0
-36.1125,-64.6701,0
-35.9363,-64.7912,0
 28.5965,-88.1815,3
-36.1496,-64.3319,0
-25.7753,-59.5578,0
-33.7833,-67.5543,0
-36.4410,-63.5071,0
-37.6340,-62.5843,0
-37.8844,-62.5052,0
  1.2456,-61.5974,0
-10.0439,-48.6382,0
-37.1738,-62.7388,0
 -5.6006,-63.9355,0
-37.0791,-63.2104,0
 28.8196,-88.1653,0
-27.6455,-55.4264,0
 28.4952,-88.3043,0
 24.1738,-94.6942,0
 26.5317,-90.5229,0
 23.6314,-94.6304,0
-36.6862,-63.3736,0
-35.0139,-65.0115,0
-37.3800,-62.6873,0
-39.7478,-63.2731,0
-35.8447,-63.8440,0
  1.8014,-35.6416,0
-36.5159,-64.5947,0
-35.6701,-64.9590,0
-37.1600,-63.0281,0
-18.1602,-67.5780,0
 -5.8295,-55.2974,0
-18.7784,-67.1399,0
-36.8143,-63.2874,0
-36.2630,-64.7820,0
-21.8582,-43.6369,0
 24.7095,-93.5292,0
 24.0556,-93.0504,0
-35.8786,-63.8062,0
-35.9478,-64.8748,0
-41.0641,-68.0952,0
 26.4651,-90.5675,0
 24.5848,-93.9303,0
-38.5039,-62.5045,0
-11.5805,-56.9861,0
-36.0668,-64.5512,0
-40.9040,-67.3598,0
-15.9756,-69.3503,0
 26.6125,-90.5353,0
 26.0889,-90.9739,0
 25.2427,-84.4917,0
-36.7714,-63.2950,0
-35.9408,-63.9420,0
 25.5790,-92.3217,0
-36.5729,-63.1959,0
-36.2231,-64.5657,0
-36.0160,-64.8624,0
 26.4837,-90.4743,0
-38.0572,-62.6283,0
 23.6316,-94.6199,0
-28.0487,-48.4080,0
-34.8535,-64.9429,0
-33.6201,-68.0319,0
-36.4400,-64.5053,0
 26.0249,-91.0497,0
-36.9989,-63.1253,0
-36.6281,-63.3213,0
-35.8471,-63.7210,0
-36.5529,-63.5537,0
-35.1389,-65.0165,0
-28.2597,-49.5655,0
-14.5980,-70.7436,0
-37.1318,-63.2272,0
 -6.8911,-56.3155,0
-28.3609,-54.2244,0
-36.0451,-64.1535,0
-35.0232,-65.1040,0
-37.1612,-62.9668,0
 24.5563,-93.5238,0
-34.3309,-66.0226,0
-25.8214,-59.5123,0
-15.4859,-69.9011,0
-36.1177,-64.7526,0
 24.2234,-92.8978,0
-36.7736,-63.1977,0
-21.0450,-43.5730,0
-21.8234,-43.6357,0
-28.6941,-54.2406,0
-36.5206,-63.5646,0
 23.6319,-94.6297,0
-39.6794,-63.1783,0
-38.4077,-62.6414,0
-34.9337,-64.9306,0
-36.1638,-64.6611,0
-41.1104,-62.6117,0
-36.1799,-64.2750,0
 26.4995,-90.5211,0
-25.8210,-59.6133,0
 24.2593,-94.4731,0
-36.7800,-63.2929,0
 24.7116,-93.5972,0
 25.3504,-92.7660,3
 24.4628,-91.5666,0
-35.9529,-63.7407,0
-37.3975,-62.7463,0
-37.2089,-63.0411,0
 25.3725,-92.6194,3
-33.6534,-66.1281,0
 -2.6535,-74.3907,0
-10.4857,-47.4657,0
 24.6348,-93.9441,0
-36.0547,-64.9268,0
 -7.0734,-56.9303,0
-27.8902,-48.4667,0
-36.5214,-63.4824,0
-11.2351,-57.1949,0
-36.4121,-64.5182,0
 25.4013,-92.5368,0
-11.8716,-59.5611,0
-33.7274,-66.0810,0
-28.5357,-54.2275,0
 26.5075,-90.4977,0
-34.7603,-65.0372,0
 24.7380,-93.5205,3
-37.6071,-62.5666,3
 23.6303,-94.5820,0
-36.2505,-64.2782,0
-36.6191,-63.3226,0
-23.8788,-55.5494,0
-22.2292,-66.4584,0
-33.8174,-66.9874,0
-36.0751,-63.9669,0
-36.5098,-63.4387,0
-36.0434,-65.0371,0
 -7.3521,-62.5257,0
-35.4961,-64.9646,0
-37.0384,-63.1754,0
-11.9042,-59.3960,0
 25.1638,-84.4228,0
-37.9555,-62.5406,0
-36.8483,-63.2803,0
 -3.5860,-51.6478,0
-18.6992,-67.1553,0
 24.7325,-93.5183,0
-29.0098,-54.6040,0
-35.9178,-64.7711,0
-37.6061,-62.6214,0
 26.4130,-90.5361,0
-34.9325,-65.0241,0
-36.5387,-63.5298,0
 23.8227,-94.0179,3
-36.2894,-64.5297,0
 -5.5293,-63.8165,0
-28.1453,-48.3217,0
-10.0894,-48.6800,0
-35.0147,-64.9183,0
-35.8510,-63.6675,0
-33.3131,-67.7918,0
-37.0012,-63.2271,0
-33.4859,-67.8639,0
-37.1409,-63.0308,0
  3.1271,-76.7995,0
 32.9393,-43.7297,0
 23.8123,-94.0496,0
-20.9235,-43.9931,0
-25.8587,-59.4085,0
 23.9703,-93.5092,0
-17.3502,-67.4516,0
 26.5881,-90.4928,3
 -9.9862,-48.7043,0
-37.7607,-62.8170,3
-34.8545,-64.9425,0
-35.9358,-64.8712,0
-33.3771,-67.9657,0
 25.2765,-84.4461,0
-36.4646,-63.4849,0
-38.4336,-62.6356,0
-34.3278,-68.2526,0
 26.5895,-90.5419,0
-15.8728,-69.5979,0
 23.6369,-94.5444,0
-36.1852,-64.6196,0
-34.9791,-65.0377,0
 -9.4447,-57.6552,0
-28.4314,-54.3109,0
-37.7594,-62.8643,3
-10.4796,-47.5211,0
-35.6264,-64.0238,0
-35.8478,-63.8451,0
-11.6314,-57.0111,0
-36.2733,-64.1783,0
-16.8049,-61.1005,0
-27.8139,-49.8140,0
-28.9919,-48.6790,0
 -4.6228,-66.6020,0
-38.2567,-62.6123,0
-35.1919,-64.9835,0
-36.6963,-63.2944,0
