-34.6135,-68.3209,0
-10.8994,-56.2467,0
-11.5471,-49.7209,0
 -8.7834,-56.3972,0
 25.4251,-84.7740,0
 -9.5998,-60.6273,0
 24.8695,-95.5795,0
-40.7097,-63.7433,0
-34.6096,-68.3360,0
 -9.4734,-53.7053,0
-15.5099,-59.1619,0
 -9.6023,-53.4870,0
-16.0730,-53.9940,0
-10.4903,-71.4482,0
 24.1504,-93.8639,0
-15.0734,-59.1914,0
 -8.8477,-56.4333,0
-26.6347,-56.4756,0
-34.1719,-68.3819,0
-14.6196,-55.4996,0
-27.0738,-56.5606,0
-25.5532,-59.6558,0
-23.9167,-50.7699,0
-11.6476,-49.7469,0
-13.9734,-58.0949,0
-35.5215,-67.2915,0
-10.3362,-49.4668,0
-29.1269,-51.4374,0
-21.3290,-45.6304,0
-11.2408,-58.1890,0
-14.8688,-71.8752,0
 -9.2554,-54.2768,0
 -7.8041,-56.4013,0
 23.7882,-94.0453,0
-34.2275,-68.5149,0
-15.9365,-70.9272,0
-13.0383,-42.0795,0
 -8.1703,-53.9355,0
 -9.9964,-47.4748,0
-22.2632,-44.3078,0
 -8.7975,-56.2772,0
-37.4089,-64.9561,0
-24.0226,-50.8205,0
 -8.0511,-53.8385,0
 27.2447,-89.9247,0
-35.1082,-68.0793,0
-27.0383,-56.0427,0
-29.3285,-51.3277,0
-34.3067,-68.5261,0
-37.4848,-64.8578,0
-41.3897,-66.0717,0
-22.9761,-53.9265,0
-27.5244,-53.1504,0
-11.1209,-61.8387,0
-13.2704,-42.1802,0
 -9.5488,-53.5248,0
-22.3538,-44.4720,0
-21.1319,-53.0699,0
 -0.8451,-73.8477,0
-13.0566,-42.1428,0
-10.1956,-56.4156,0
-15.4846,-59.2014,0
-22.1291,-42.7008,0
-10.2487,-71.1932,0
 -3.7750,-50.1723,0
 -8.5054,-54.5628,0
 -8.2363,-50.9737,0
-26.5904,-58.2543,0
-11.9560,-60.9798,0
 27.6570,-91.1541,0
 -8.0690,-53.9075,0
-14.6673,-55.5045,0
-21.1897,-53.1617,0
-10.7986,-76.3776,0
 -8.5830,-53.7911,0
-28.3579,-52.8513,0
-21.6569,-44.1511,0
  7.2129,-61.3601,0
-15.0223,-54.1960,0
-28.0442,-50.1596,0
-22.5687,-42.7096,0
-40.5431,-63.9072,0
 -9.7151,-53.6013,0
-27.1822,-56.6281,0
-21.0772,-53.1079,0
-10.7240,-56.2520,0
-16.8745,-68.2562,0
-14.1474,-50.8309,0
 -7.7354,-57.6017,0
-11.5845,-49.7632,0
-10.8939,-49.3217,0
 -8.7767,-56.1810,0
-35.4867,-67.2869,0
-15.7397,-54.7755,0
-16.4583,-70.0181,0
-19.2404,-56.5683,0
-26.1184,-59.6588,0
  3.3067,-77.4390,0
-21.9844,-44.0740,0
-22.4162,-44.4354,0
 -9.4574,-53.7034,0
-27.1157,-56.1018,0
 -8.6507,-53.7322,0
-25.5720,-59.5667,0
 -8.7926,-56.4305,0
-21.3162,-44.2865,0
 -1.8316,-48.7926,0
-11.3233,-47.1267,0
-38.4368,-64.4675,0
  0.4560,-73.6107,0
-27.0130,-56.6583,0
-13.1167,-42.1223,0
-22.0123,-42.5351,0
-19.7107,-53.6647,0
-34.5656,-68.2134,0
-10.7129,-56.3188,0
-28.1448,-54.8350,0
-35.5288,-67.4735,0
-22.7984,-53.8018,0
-14.6228,-55.4170,0
-14.8243,-57.3020,0
-26.8670,-56.1513,0
 25.3502,-92.6194,0
 -9.4576,-54.5546,0
 -9.2213,-54.2836,0
 27.4008,-91.3983,0
 -8.7866,-56.3488,0
 -7.9466,-51.8509,0
 -2.5144,-47.7818,0
-14.7701,-55.9841,0
  2.4653,-34.8013,0
 -8.5055,-53.5429,0
-26.6200,-58.2515,0
-22.6973,-53.8688,0
 -9.6322,-53.4939,0
-27.3310,-54.8531,0
-28.3830,-51.7358,0
-35.2357,-68.2792,0
-11.6502,-49.7028,0
-16.7197,-57.1036,0
-13.2683,-42.2045,0
-27.2229,-51.6482,0
-35.5224,-67.3852,0
-17.0662,-69.4968,0
-35.8190,-68.0075,0
 24.6512,-95.5406,0
-14.9762,-54.2337,0
-18.0497,-68.1993,0
 -9.2619,-54.1232,0
 -8.4198,-54.4513,0
-13.5107,-75.1518,0
  4.7449,-68.4230,0
-34.1577,-68.3588,0
-27.0616,-56.1139,0
-25.5695,-50.2662,0
 -8.1770,-56.7160,0
-21.1832,-53.1316,0
-22.1099,-43.9654,0
-10.2966,-49.4896,0
-15.1063,-59.3481,0
-35.6460,-67.3710,0
-26.6530,-52.0148,0
-38.6861,-64.1695,0
  0.7159,-56.8466,0
-10.2201,-56.4143,0
 -8.7750,-56.4391,0
 -9.7344,-53.4026,0
-13.4151,-55.9572,0
 -2.7213,-49.5532,0
-40.5411,-63.9830,0
 -6.8717,-54.4715,0
 -9.3530,-53.6283,0
-17.1480,-58.0736,0
 25.4183,-84.7264,0
-11.7266,-61.4603,0
 -7.7610,-57.6172,0
-40.9375,-63.7395,0
 -1.7683,-52.3239,0
 -9.0062,-56.1934,0
 -7.7571,-54.9477,0
 -9.5557,-53.5022,0
-21.8011,-44.1791,0
 24.3626,-95.9057,0
 -8.4121,-54.8662,0
-13.8816,-59.9611,0
 -1.8078,-57.1169,0
-23.8149,-51.6585,0
-18.4334,-66.5198,0
-13.0364,-42.2265,0
 -9.5017,-53.5995,0
 -9.6870,-53.3268,0
-22.8055,-53.8048,0
 -8.8320,-56.1961,0
-41.0237,-63.8152,0
-25.8659,-57.5290,0
-12.0274,-54.8771,0
 -8.5556,-54.5497,0
-26.0152,-59.2777,0
 -0.9273,-73.8409,0
-15.4732,-59.2258,0
 -9.7101,-61.7275,0
-22.4166,-44.4365,0
  2.3160,-77.8227,0
 -8.3862,-59.6039,0
-26.5565,-58.2641,0
 -8.5712,-53.7970,0
-21.0265,-53.1624,0
-35.5447,-67.0965,0
-17.8774,-67.2646,0
-27.6548,-50.2854,0
 -9.6744,-61.7071,0
 -8.1270,-53.8464,0
-11.3135,-58.0010,0
-14.6228,-55.4180,0
-13.2767,-42.2039,0
-37.3014,-65.1809,0
-13.4984,-59.7837,0
-21.5649,-44.2386,0
-34.6268,-68.4050,0
 -9.5680,-53.5025,0
-15.7982,-54.7872,0
 -8.7503,-60.9547,0
 -9.9857,-47.4870,0
 -8.7674,-56.3691,0
-27.1218,-56.6419,0
-35.7656,-68.1972,0
-26.9053,-56.2379,0
-11.6495,-49.7427,0
 -9.4751,-53.7187,0
-21.8039,-44.1003,0
 -1.4589,-51.7070,0
-13.8640,-50.8365,0
-22.3074,-44.3829,0
 -7.9214,-51.8953,0
 -1.3231,-47.3926,0
 24.9184,-95.4897,0
 -9.3006,-54.3039,0
 23.3162,-86.3767,0
-14.3308,-59.5586,0
-41.2127,-66.0300,0
-21.1513,-53.1372,0
 25.6770,-84.8568,0
 -8.4911,-54.5054,0
-28.2119,-51.8168,0
-21.3169,-44.2258,0
 -8.2423,-50.9096,0
 -8.6022,-54.0474,0
-27.0557,-56.0257,0
-34.3426,-68.6281,0
 -8.8135,-56.2775,0
-15.3849,-72.1075,0
  3.3615,-63.7847,0
-21.6393,-44.3228,0
 -8.2430,-50.9021,0
-10.7968,-56.3164,0
 23.6455,-94.2626,0
 -8.5426,-59.6102,0
-25.4896,-59.6480,0
 -9.9818,-47.5663,0
 -8.0480,-54.0173,0
-13.0388,-42.1044,0
 -8.6028,-53.7155,0
-14.7026,-55.3931,0
-22.2584,-44.4592,0
-26.7171,-56.4691,0
 27.1492,-89.9508,0
-19.1912,-65.4526,0
-35.4898,-67.2449,0
-15.7938,-54.7597,0
-16.6336,-69.9477,0
 -9.8331,-56.0150,0
  3.2018,-69.6789,0
-19.1510,-56.6101,0
 -3.7469,-50.1948,0
-14.2469,-54.8005,0
-14.0876,-50.8566,0
-15.3972,-55.4073,0
 -8.7012,-56.2849,0
-35.5233,-67.2925,0
-11.3124,-58.0940,0
-13.9557,-58.7810,0
-16.8891,-69.7140,0
-11.5723,-49.7631,0
-34.6797,-68.3096,0
-36.8746,-64.9324,0
-20.2568,-65.5323,0
 -9.4623,-56.2344,0
-11.9559,-61.0142,0
-27.1344,-55.9086,0
-26.9474,-52.3640,0
 -2.9089,-49.6353,0
 -3.7728,-49.1785,0
 -8.2294,-51.0057,0
-22.4158,-44.4366,0
-28.1662,-54.8289,0
 -8.8265,-56.4384,0
-17.9753,-68.8893,0
 -9.5116,-53.5098,0
-15.7183,-54.8495,0
 25.1862,-84.9178,0
-11.5851,-49.6501,0
-26.6192,-58.2521,0
-27.2205,-55.1575,0
 -9.4927,-53.7101,0
-10.2260,-56.4175,0
-41.9034,-66.7467,0
-22.9603,-53.9735,0
 -7.6198,-54.7878,0
 -8.6655,-53.7138,0
-17.5483,-60.7248,0
-21.7125,-44.0370,0
-22.2585,-44.3043,0
-12.0263,-54.8770,0
-13.0434,-42.2090,0
 -8.2644,-51.0066,0
-10.2257,-55.4450,0
-26.7226,-56.3428,0
-25.5693,-59.6439,0
 -8.0509,-53.8955,0
-37.4394,-65.2883,0
-38.1177,-64.5310,0
-27.1209,-56.6413,0
 -7.9369,-52.4607,0
-22.3642,-44.5148,0
-15.9246,-58.8270,0
-16.2041,-53.9605,0
-11.5817,-54.0984,0
 -2.5158,-47.7186,0
 -9.5867,-53.5406,0
 -8.2291,-59.6888,0
-43.6078,-66.8729,0
-29.0402,-51.0290,0
-21.1542,-53.1081,0
-11.6887,-58.0122,0
-10.7273,-56.3098,0
-14.1063,-70.1833,0
 -3.9212,-49.1097,0
 -3.2548,-53.6055,0
-13.4929,-55.9920,0
 -7.6200,-54.9752,0
-28.1560,-52.2330,0
-27.0024,-56.0248,0
-36.4191,-64.9254,0
-21.6392,-44.2957,0
 -7.9759,-53.9200,0
-27.2490,-51.6351,0
-21.7898,-44.4345,0
-13.2684,-42.2533,0
 -9.6127,-53.4795,0
-36.1395,-67.9475,0
 -8.1973,-53.9354,0
 24.1945,-93.8486,0
 -7.9957,-51.8353,0
 -6.9786,-48.7582,0
 -2.4064,-65.3513,0
-20.1738,-65.5498,0
-28.4497,-51.6807,0
 -7.6385,-54.8371,0
-14.3869,-72.3472,0
-11.3482,-57.9971,0
-10.7236,-56.2227,0
 -9.4637,-53.6523,0
-10.3516,-49.4648,0
 -9.9678,-47.4738,0
 24.8556,-95.5766,0
-21.8011,-44.1366,0
-26.0363,-59.3031,0
-26.5511,-58.3008,0
 -3.0852,-49.6731,0
 -7.7700,-57.7663,0
-22.4153,-44.4349,0
 -8.8597,-56.4281,0
 -8.5898,-53.7894,0
-28.6075,-51.6530,0
 -8.5091,-54.4528,0
-28.0626,-52.0277,0
-15.9578,-58.7051,0
-14.6310,-55.4599,0
 -3.6786,-50.0896,0
-25.5710,-59.5660,0
-28.1422,-55.1004,0
-37.5738,-64.8030,0
-14.1716,-70.2141,0
-19.7100,-53.6495,0
-22.9333,-53.9530,0
 -8.6032,-53.7492,0
-41.5931,-67.1767,0
 25.4707,-84.7757,0
-13.0362,-42.1893,0
 -8.8200,-56.2768,0
-11.6485,-49.7396,0
 -9.3040,-54.2258,0
 -7.8156,-54.8200,0
-11.6065,-55.7575,0
 -8.0531,-53.8950,0
-14.0960,-70.2616,0
 -4.9624,-63.9184,0
-29.4055,-51.3924,0
 -9.4745,-53.7026,0
 -8.1276,-55.9339,0
-35.2575,-67.7765,0
-22.3363,-44.4585,0
-13.2691,-50.5600,0
-27.1210,-56.6396,0
-21.1227,-53.1272,0
 24.1807,-93.8508,0
-29.1013,-51.1032,0
 -7.3068,-65.6985,0
-11.2560,-60.8316,0
-21.6421,-44.1277,0
-10.6844,-56.3414,0
 24.8621,-95.5001,0
-37.4853,-65.0247,0
-14.0890,-50.7696,0
 -8.2292,-59.6876,0
-22.1964,-44.3473,0
-19.1183,-65.4808,0
-26.6178,-58.3035,0
-13.7221,-60.0181,0
 -9.5737,-47.9596,0
-27.1752,-126.9931,0
-10.8877,-56.2740,0
  3.2638,-82.6268,0
-21.1899,-53.1551,0
-22.5293,-42.7555,0
 -9.6001,-53.4988,0
 -8.8116,-56.3330,0
 -9.5873,-58.4141,0
-14.9575,-54.2614,0
-16.9450,-69.7819,0
-16.4027,-70.0266,0
-40.9940,-67.6669,0
-41.4291,-67.3056,0
-15.7455,-71.7957,0
-25.5425,-59.6566,0
-26.0127,-57.1229,0
-34.6257,-68.4243,0
 -9.7954,-54.5496,0
-15.6971,-54.7844,0
-26.4333,-56.7803,0
-13.0694,-42.1392,0
-24.0740,-50.7707,0
-35.0826,-68.1774,0
 -8.5244,-54.5371,0
-10.0778,-47.3799,0
 -3.2535,-45.8557,0
-11.8877,-45.2939,0
-20.2504,-58.6722,0
-37.2390,-65.1293,0
-36.0709,-67.9238,0
-10.0921,-58.5731,0
-15.5754,-59.1335,0
 -2.2869,-65.3628,0
-14.1653,-50.8395,0
-21.9936,-42.4504,0
-17.0612,-59.3002,0
-27.2951,-54.8887,0
 -3.7715,-49.1814,0
-28.1787,-54.8550,0
-22.0823,-44.0248,0
-21.0674,-53.1073,0
 -9.3259,-54.3887,0
 -9.4450,-56.1754,0
 -9.3376,-53.6623,0
 -7.7487,-56.4978,0
 -7.9039,-51.8795,0
-11.5714,-49.8078,0
-28.9009,-51.4533,0
-34.6133,-68.3298,0
-14.6746,-55.4047,0
-42.2537,-68.5855,0
-22.4160,-44.4342,0
 -8.5782,-54.0307,0
-36.8808,-64.8230,0
-27.0903,-56.6403,0
-19.2393,-56.5605,0
-13.3354,-55.9718,0
-22.2642,-44.3065,0
 -9.4625,-53.5991,0
 -8.2314,-50.9879,0
-28.4839,-52.9317,0
-11.3079,-47.0431,0
-13.2521,-42.1798,0
-11.3766,-58.0365,0
-26.0613,-59.2677,0
-14.6434,-73.3519,0
 24.7955,-95.4514,0
 -8.6003,-53.6710,0
-15.7277,-54.8637,0
-21.8142,-44.0947,0
-17.0132,-69.5929,0
-27.0462,-56.5964,0
-11.8096,-45.1712,0
-13.0230,-42.2053,0
-26.7168,-56.4645,0
-35.5431,-67.0138,0
 -8.4940,-54.4445,0
-14.9933,-54.2027,0
-40.3606,-64.5716,0
-34.1522,-68.3576,0
 -1.8654,-72.3657,0
 -0.9396,-73.7564,0
-23.3952,-57.7730,0
-21.1910,-53.1284,0
-17.1478,-69.5432,0
-14.7603,-69.3928,0
 27.4391,-91.3728,0
