-20.8788,-43.7489,0
 25.6198,-91.1489,0
-22.2528,-65.8845,0
  2.3661,-31.8146,0
-35.6926,-64.2553,0
-35.2738,-64.0286,0
 23.9254,-93.4900,0
 25.1017,-84.2706,0
 24.4537,-93.1667,0
 24.2098,-93.8935,0
-26.3553,-59.1386,0
-35.2574,-63.9300,0
-22.2518,-65.9754,0
-32.9309,-67.7400,0
-27.5029,-48.9927,0
 23.8509,-94.0629,0
 24.1968,-88.0108,0
-35.2710,-64.1565,0
-33.4342,-67.2305,3
-16.6529,-68.0250,0
 26.8878,-89.7623,0
-35.5443,-64.0049,0
-33.6101,-67.1795,3
-35.9267,-63.8275,0
 -1.0148,-76.2093,0
 24.1548,-93.1506,0
-28.3431,-47.8357,0
-33.0038,-67.8022,0
-33.6403,-67.0580,3
 -7.0578,-57.4933,0
-35.8408,-64.0285,0
-21.0565,-43.9791,0
-33.6805,-67.3822,3
-34.9482,-63.9957,0
-33.5581,-64.5709,0
 26.9390,-89.7589,0
 25.4852,-91.2408,0
 -6.5550,-56.5377,0
-33.6857,-67.4211,3
-33.4037,-66.0975,0
 -6.5914,-58.2540,0
-33.2709,-65.0484,0
-35.2745,-64.0285,0
-33.7031,-67.7469,0
-33.5400,-67.7982,0
-27.9621,-54.6483,0
-20.9484,-43.4483,0
-27.3111,-49.1324,0
-39.7510,-62.7105,0
-21.0800,-43.9013,0
 25.0880,-91.4853,0
 26.8214,-89.7158,0
-34.7140,-64.0402,0
-33.7349,-67.4315,0
-35.6340,-63.9686,0
 -1.6343,-55.1571,0
 30.4205,-45.5314,0
-35.1156,-63.9609,0
 26.1679,-90.8986,0
-36.8668,-62.5805,0
-35.8200,-63.4948,0
 25.6836,-91.1715,0
-33.4692,-67.7712,0
 23.6963,-94.1278,0
 24.3633,-93.2576,0
 23.9135,-93.4924,3
-35.8649,-64.0982,0
-18.6653,-66.6329,0
 -8.7828,-73.8699,0
-13.3436,-73.4951,0
-18.9761,-66.7318,0
 25.6073,-91.1576,0
-36.4548,-63.4436,0
 23.9457,-93.4177,0
-35.4159,-64.0049,0
-29.5411,-53.8932,0
-36.2420,-63.3427,0
 23.1896,-94.4645,0
 26.9194,-89.7615,0
 -6.9139,-57.5165,0
-37.2546,-62.3411,0
 -6.5542,-56.4902,0
-26.3578,-59.2198,0
 23.9410,-94.0068,3
-20.8959,-43.4800,0
 23.6880,-94.2094,0
-36.1666,-63.3436,0
 -5.6083,-42.6837,0
-28.1703,-47.8784,0
-33.0253,-67.8242,0
-35.9232,-63.9921,0
 -6.9122,-57.2710,0
 24.2167,-93.1577,3
 25.6176,-91.1540,0
 -7.2504,-63.4861,0
-35.9290,-63.7381,0
-35.6896,-64.0396,0
 24.2110,-93.0899,0
 26.9812,-89.6978,0
-16.4208,-68.4255,0
  2.0621,-33.7815,0
-35.3508,-64.0630,0
 25.1836,-92.7599,0
 23.9026,-94.0507,3
-20.9272,-43.5572,0
-18.8034,-66.6383,0
 -7.4115,-62.9390,0
-27.8793,-54.5830,0
 26.8200,-89.7639,0
 25.0126,-84.6396,0
 24.9319,-91.5878,0
-37.0366,-62.1780,0
 -7.1626,-57.2831,0
-41.4549,-63.6671,0
 23.8555,-94.1129,0
-34.9398,-64.0773,0
 26.2458,-91.1627,0
  2.1118,-33.7500,0
-36.7129,-62.6231,0
 24.4130,-91.9909,0
 24.2002,-92.2886,0
 26.8249,-89.7833,0
-26.9535,-49.0730,0
  6.0995,-73.2755,0
-27.4722,-49.0683,0
-35.5782,-64.0394,0
  3.9594,-46.4267,0
-33.3879,-66.9912,0
-35.7642,-63.7975,0
 -7.0519,-57.5040,0
-36.2048,-63.2968,0
 26.8985,-89.7158,0
-22.0863,-65.9964,0
-35.5278,-63.8913,0
 -1.5842,-75.7512,0
 25.8642,-91.1318,0
-33.2477,-67.0074,0
 25.6081,-91.1571,0
 24.1825,-87.9800,0
-27.9772,-54.7019,0
-35.2752,-63.9659,0
-36.3287,-63.2740,0
-33.2910,-65.0097,0
-34.6198,-64.0774,0
 24.3712,-92.7536,0
-36.8931,-62.6708,0
-22.2531,-65.8575,0
-35.7274,-63.9842,0
 -7.0743,-57.7717,0
 23.6360,-94.2251,0
 24.9891,-84.2796,0
-35.8404,-64.0276,0
-26.3006,-59.0888,0
-27.8568,-49.0414,0
 26.9141,-89.7355,0
 23.9580,-88.1136,0
-35.6257,-63.9689,0
-36.2420,-63.3130,0
-20.9315,-43.4447,0
-36.9503,-62.2834,0
-35.9557,-64.0579,0
-33.0292,-67.8153,0
-22.2544,-65.7664,0
 23.6699,-94.1273,0
 26.1994,-90.8903,0
-28.1589,-49.0457,0
-34.9482,-64.0209,0
 23.9181,-93.4996,0
 -6.9266,-57.5394,0
-26.4155,-59.2240,0
 25.6189,-91.1459,0
-33.0025,-67.9078,0
 26.8341,-89.7122,0
-22.1760,-66.0059,0
 24.2041,-93.1381,0
 23.4714,-88.4084,0
  3.1812,-76.7820,0
-28.7729,-53.2536,0
-36.2219,-63.5804,0
-22.2642,-65.7759,0
 24.4632,-93.1545,0
-35.7512,-63.7128,0
 26.8977,-89.7254,0
-33.1577,-67.6871,0
-28.8821,-48.3374,0
-27.5038,-49.0550,0
-28.0356,-54.6336,0
 23.8504,-94.0621,0
-35.3589,-63.9509,0
 25.4559,-91.2850,0
-36.2415,-63.3559,0
-26.3251,-59.2734,0
-33.7655,-68.1207,0
-36.4825,-62.7639,0
-37.0911,-62.2372,0
-36.1639,-63.0751,0
-33.7505,-68.1682,0
 26.6038,-90.4653,3
-36.4803,-62.7725,0
-21.0789,-43.9548,0
-34.7145,-64.0261,0
 -6.9053,-57.4926,0
-22.2445,-65.8881,0
 26.5852,-90.3871,0
 26.9660,-89.6905,0
-36.3238,-63.0829,0
-34.9252,-63.9652,0
-36.0394,-63.4200,3
 25.6343,-91.1655,0
-35.8414,-64.0277,0
-35.1943,-64.0412,0
 -6.6896,-57.8561,0
-35.2749,-64.0280,0
-21.0298,-43.8753,0
 27.0627,-89.9590,3
-35.9880,-63.3803,0
 27.2801,-89.9541,3
 27.5436,-89.8279,3
-33.5320,-67.7829,0
 -6.8682,-57.8945,0
 -7.0750,-57.5822,0
 28.1139,-89.5941,3
-35.8701,-63.8329,0
 27.0359,-89.6596,0
-35.4396,-63.9782,0
 27.8958,-89.6778,3
 24.1402,-93.0704,0
 27.3101,-90.0495,0
-36.2597,-63.2867,0
-22.1758,-65.9447,0
 28.0205,-89.6020,3
 24.1916,-93.9048,3
 25.6979,-91.1349,0
-34.9080,-64.1347,0
-35.2133,-63.9440,0
 26.8895,-89.7029,0
 24.8204,-91.7051,0
-35.9552,-64.3098,0
-33.6271,-64.6787,0
-36.3801,-63.2879,0
-34.6448,-64.0801,0
-40.0521,-62.3960,3
 28.0889,-89.6822,0
-18.1358,-67.8868,0
-27.4729,-49.0586,0
 24.0542,-93.9656,0
-35.7928,-63.4918,0
-33.0594,-67.6197,0
-22.1704,-65.9960,0
-40.1911,-62.3242,0
-15.8883,-69.1459,0
 23.8471,-94.0599,0
-35.9558,-63.9617,0
-39.9315,-62.7492,0
 26.9751,-89.7190,0
-32.9340,-67.7356,0
 24.3910,-92.7351,3
-20.7775,-43.4618,0
 24.3987,-92.7103,0
 25.5490,-91.1131,0
 -6.0056,-56.1253,0
 23.9211,-93.5107,3
-35.5866,-63.7679,0
 26.1688,-90.8949,0
 26.9041,-89.7361,0
-35.9264,-63.8233,0
-34.4768,-64.1409,0
 23.9072,-94.0251,0
 -6.9259,-57.5101,0
