-26.4995,-57.2601,0
-26.5929,-56.8257,0
-11.2049,-55.3796,0
 25.0148,-95.4313,0
-35.2053,-67.3423,0
-38.0765,-64.1985,0
-23.3574,-54.0221,0
-21.4516,-45.4170,0
-27.5912,-49.9576,0
-12.6752,-54.7967,0
-38.7318,-63.7857,0
-37.7393,-64.2973,0
-11.2806,-55.9035,0
-10.2803,-53.5053,0
 -8.0517,-56.1169,0
-11.1878,-55.6317,0
 -8.7535,-54.1717,0
 25.7291,-91.9547,3
-13.9360,-71.1309,0
-35.1651,-67.1458,0
-10.3823,-47.8336,0
-29.3394,-50.7122,0
-18.2074,-60.1821,0
 23.7822,-93.8333,3
-21.1488,-44.3865,0
 25.0262,-95.4180,0
-40.8992,-66.6646,0
-38.1352,-64.0309,0
-26.1507,-59.5534,0
-28.8265,-51.0430,0
 -6.7607,-54.4618,0
 -9.3043,-61.8444,0
-21.4757,-44.5337,0
 -8.5299,-54.1603,0
 -8.7000,-54.4769,0
 23.8038,-93.8853,0
-27.1317,-51.3650,0
-10.4540,-53.4945,0
-35.1861,-66.1412,0
-11.1061,-56.1773,0
-26.4228,-57.3120,0
-35.7750,-66.5194,0
-21.8165,-43.8409,0
-26.6960,-49.5055,0
-10.6453,-56.5871,0
-17.0685,-68.4605,0
-35.4271,-66.4678,0
-10.4688,-47.5738,0
-10.3832,-53.5688,0
 -8.8096,-54.0836,0
-27.5935,-56.3705,0
-17.6664,-68.0072,0
-34.4954,-68.6128,0
-27.4769,-55.9742,0
-34.9785,-66.5168,0
-20.2469,-65.0333,0
 -8.3073,-51.3289,0
 -5.9312,-49.4504,0
-21.0625,-44.4846,0
-19.1543,-65.6330,0
-34.8867,-67.4491,0
 -2.4027,-49.5973,0
-26.5130,-56.9048,0
-35.3131,-67.1555,0
 -8.9300,-54.9109,0
 -9.7175,-60.2339,0
-10.6904,-48.0019,0
 -9.7955,-58.8208,0
  2.5259,-33.7214,0
-10.3621,-47.5037,0
-26.8944,-51.2541,0
-35.0244,-67.3087,0
-16.9907,-69.2004,0
-35.6227,-65.4332,0
-21.4534,-44.4753,0
-22.0920,-44.0675,0
-17.7567,-68.5212,0
-10.6905,-47.9895,0
 -8.1187,-55.1974,0
-14.0039,-56.2886,0
-15.1375,-71.3186,0
-10.3997,-47.8214,0
 25.7386,-91.9880,3
-20.5035,-43.8200,0
 25.0969,-95.4429,0
-27.5395,-55.6421,0
-25.5442,-59.4961,0
-28.3995,-55.3528,0
-10.4714,-47.4108,0
 -8.7713,-54.3939,0
-35.2985,-66.5693,0
 25.4895,-84.3668,3
-28.5145,-51.2388,0
-27.5404,-56.0054,0
-15.0614,-59.6913,0
-26.9156,-51.2837,0
-18.0221,-45.0301,0
-40.9424,-66.6332,0
 25.7434,-91.9672,0
-41.3640,-65.6479,0
-35.5404,-66.3395,0
-41.6942,-64.7605,0
-11.1169,-55.9255,0
-25.3903,-49.8993,0
-10.6498,-56.7331,0
-26.4483,-57.3077,0
-34.8397,-67.6204,0
  0.6374,-57.3937,0
-40.1289,-64.2164,0
-21.0952,-44.3896,0
-17.2692,-68.3881,0
-40.4012,-63.5566,0
-26.5434,-56.8446,0
-35.1683,-66.3376,0
-10.3656,-53.4965,0
-27.8155,-54.2785,0
-35.2058,-67.3240,0
 25.4620,-84.4047,0
 -3.7007,-49.5674,0
-21.4501,-45.3805,0
 -8.3189,-55.8376,0
-29.0703,-50.1555,0
 25.1798,-95.2871,0
 25.7218,-92.0205,0
-11.0334,-56.1235,0
-35.5285,-67.3062,0
 24.4828,-93.5614,0
 25.6584,-94.6785,0
-27.5724,-55.7853,0
-21.2756,-45.4499,0
-21.1042,-45.6085,0
-11.1258,-55.4371,0
-38.3373,-63.9639,0
 -9.3738,-54.1503,0
-35.1253,-67.3334,0
-21.4639,-45.1802,0
-26.4341,-59.0893,0
-26.9909,-55.6453,0
-35.4737,-66.5813,0
-40.7896,-63.1255,0
-11.5387,-58.4169,0
 -8.7768,-54.1636,0
-27.0954,-127.1858,0
-20.9829,-44.3842,0
-41.9525,-64.9636,0
-27.5981,-56.3546,0
-21.8090,-43.9083,0
 25.7487,-91.9163,3
-20.4158,-43.8070,0
-11.1675,-55.9134,0
-27.5245,-56.1001,0
 -9.0012,-54.6453,3
-26.7269,-56.7690,0
-10.6854,-53.4783,0
 -9.3848,-54.0663,0
-21.4234,-45.6012,0
-35.2347,-66.1187,0
-13.0316,-42.5385,0
-10.4426,-53.4870,0
 25.3243,-95.0504,0
-39.2486,-64.2242,0
-17.7617,-67.5272,0
-14.0195,-74.0448,0
-21.5228,-45.4142,0
-16.4249,-69.8043,0
-26.4723,-57.3764,0
 24.9087,-94.9790,3
-11.0266,-56.4556,0
-21.4765,-44.4987,0
 -9.8220,-56.6817,0
  0.6382,-57.3648,0
-35.2965,-66.6419,0
-20.7021,-58.5359,0
-26.6599,-49.5636,0
-21.1436,-44.4630,0
-35.0683,-67.5013,0
 25.7181,-94.7495,0
-11.0298,-56.1847,0
-40.9380,-63.6920,0
-17.9181,-45.1159,0
-35.5530,-67.5696,0
 25.7421,-91.9440,0
-29.3367,-50.3863,0
 24.8440,-95.0528,0
 -8.9834,-54.7833,0
-27.4695,-56.0197,0
-26.3318,-57.0660,0
-21.3064,-45.3456,0
-11.8784,-58.1811,0
-28.8950,-50.7662,0
-35.1306,-67.6409,0
 -8.7196,-54.4386,0
 25.4263,-94.7841,0
-16.7738,-69.4855,0
 -8.8093,-54.0222,0
-13.8989,-56.3443,0
 -3.0858,-51.0583,0
-28.2375,-55.5240,0
-27.5241,-56.1000,0
-18.8251,-66.1395,0
-10.5110,-47.5331,0
 -6.8214,-54.9515,0
-16.3268,-70.3512,0
-11.0361,-56.0178,0
 -6.6333,-54.4850,0
 -6.9270,-55.4889,0
-35.2035,-67.4114,0
 -8.7396,-54.1794,0
-34.9904,-66.4265,0
  2.3180,-35.2597,0
 -3.7934,-49.6282,0
-27.9713,-49.3447,0
-38.1321,-64.1115,0
-28.6498,-54.8306,0
-11.1672,-55.4446,0
-12.7096,-54.6324,0
-26.6675,-56.6556,0
-35.2120,-66.8595,0
-10.4542,-53.5526,0
-21.3920,-44.5194,0
 25.2590,-84.6455,0
-21.0867,-44.3576,0
-15.4510,-70.8696,0
-27.5361,-56.3642,0
-21.5638,-44.4696,0
-20.9807,-44.4226,0
 -3.7508,-49.6332,0
-23.3365,-54.2051,0
 25.0944,-95.3913,0
-28.3639,-50.1119,0
-36.4348,-64.4239,0
 -8.1251,-55.2088,0
 -1.8727,-49.6048,0
-10.3815,-53.5639,0
-29.3031,-50.2669,0
-15.2453,-71.1219,0
-11.1235,-55.8913,0
-34.9830,-67.3543,0
-27.2660,-55.2534,0
-41.8838,-64.9581,0
-27.1127,-51.3010,0
 25.7342,-91.9586,0
-27.5129,-55.9537,0
-28.3384,-49.7134,0
-29.2704,-50.2733,0
 -6.7963,-54.3118,0
-34.2112,-67.8806,0
 -9.5740,-68.9016,0
-40.7313,-63.0554,0
 -8.7304,-54.3538,0
-41.6909,-66.8808,0
-11.3367,-55.8918,0
-21.7366,-43.8580,0
-34.0799,-68.1907,0
-40.3084,-63.7713,0
-28.3814,-49.7743,0
-26.7390,-56.8051,0
-26.8891,-51.5214,0
-38.1567,-64.2255,0
-34.2326,-67.8906,0
-26.9252,-51.2461,0
-10.2911,-53.5206,0
 -3.9107,-43.1437,0
 -9.2526,-53.9845,0
-29.4043,-50.6795,0
-13.2665,-74.8855,0
-21.7726,-44.5753,0
-11.0417,-56.1867,0
-27.0971,-55.6497,0
-34.5807,-67.6845,3
-27.5240,-56.0999,0
-10.6893,-48.0024,0
-38.3705,-63.9888,0
-21.2687,-45.6209,0
-19.8750,-65.1141,0
-20.5104,-43.8310,0
 -8.9412,-54.8972,0
 -9.3005,-54.7852,0
-16.2553,-69.9769,0
-35.2131,-66.2729,0
 23.6493,-93.9402,0
-10.3873,-47.4749,0
-28.5011,-51.0472,0
-16.9535,-69.4002,0
 -8.7616,-54.1930,0
 25.7541,-92.0255,0
-21.0625,-44.4585,0
 -9.8511,-58.9685,0
-28.1232,-49.6350,0
  1.7535,-65.8547,0
 -9.7921,-47.5309,0
-10.4231,-53.5543,0
-38.6105,-63.8454,0
 25.7329,-84.2304,3
-35.2884,-67.1286,0
-35.4500,-66.9302,0
-11.1957,-55.3728,0
-21.4782,-44.4514,0
 -8.8419,-54.5184,0
-15.8011,-59.0221,0
-34.6227,-67.7415,0
 -9.3896,-54.1551,0
-35.2982,-67.3163,0
-21.4607,-45.4367,0
-35.2976,-66.5697,0
-27.4703,-55.8498,0
-21.8915,-44.2258,0
 38.4761,-46.3820,0
-38.2917,-64.0033,0
-27.4317,-58.6709,0
 25.7037,-91.9456,0
-27.8941,-54.2250,0
-10.6817,-53.4631,0
 25.1961,-95.2683,0
-10.4459,-47.5816,0
-21.3943,-44.4758,0
-16.2504,-70.1944,0
 25.6744,-84.2740,0
-26.0881,-59.5785,0
 -9.0962,-56.6811,0
-14.0727,-56.3026,0
-26.8564,-50.6212,0
-35.2416,-67.3197,0
 -8.7789,-54.1703,0
-26.4639,-57.3389,0
-21.4753,-44.5386,0
-21.4370,-45.5746,0
-35.5533,-66.5309,0
-11.9071,-58.2617,0
-37.3490,-64.4769,0
-38.1340,-64.0752,0
-27.8213,-54.1061,0
-27.5662,-55.9091,0
-11.0666,-56.0600,0
-21.1201,-44.3712,0
-21.6147,-44.0466,0
 -8.8703,-54.9813,0
-27.5250,-56.0996,0
-26.8307,-51.3280,0
-19.9487,-53.9994,0
-10.4584,-47.4182,0
-13.9477,-56.3053,0
-20.7713,-44.4650,0
-27.5974,-56.3536,0
-38.2952,-63.9041,0
-10.7072,-53.4741,0
-35.6060,-66.1302,0
-17.0947,-58.7979,0
-10.3478,-67.9048,0
 -8.5077,-54.9839,0
-29.1262,-50.1189,0
-33.8950,-68.1204,0
-20.5105,-43.9119,0
-34.4334,-68.6086,0
 38.4138,-46.5851,0
-10.4628,-53.5160,0
-28.3744,-55.3667,0
-37.3723,-64.3963,0
  2.4306,-34.2781,0
 25.7549,-91.9774,0
-26.4632,-57.0800,0
 -8.2456,-54.5400,0
-11.2505,-55.4844,0
 -5.7376,-56.8418,0
 -9.9440,-59.8992,0
-35.3119,-66.5759,0
-27.1683,-55.2706,0
-27.6237,-50.0023,0
-11.0306,-56.1844,0
 -8.7323,-54.3799,0
-36.6579,-64.6740,0
 -9.4576,-56.6105,0
-35.1747,-67.2652,0
-27.7506,-50.9058,0
-10.3898,-53.4600,0
-11.2575,-55.9261,0
-26.7425,-56.7347,0
-26.7155,-49.5278,0
-10.6904,-48.0023,0
-34.1628,-67.9996,0
-27.8467,-54.1926,0
-22.4682,-44.3472,0
 -0.1988,-74.9889,0
-27.5102,-55.8307,0
-28.1702,-49.5340,0
-10.3631,-47.5052,0
-35.4303,-66.4472,0
-21.0170,-44.3996,0
 27.5730,-89.4958,0
-28.9015,-50.7715,0
-34.3128,-68.6121,0
-35.2056,-67.3780,0
-21.4502,-45.2309,0
-17.8282,-68.3613,0
-11.0602,-56.1013,0
 -9.1136,-54.8647,0
 25.7094,-94.7166,0
-27.5254,-56.0995,0
 -6.5189,-53.8564,0
-11.1202,-55.7162,0
-34.8545,-67.3739,0
-13.2020,-57.7581,0
-10.6789,-48.0222,0
-12.5482,-55.0667,0
-27.3857,-55.1690,0
 -8.7578,-54.1135,0
-26.4231,-57.3126,0
 -8.1277,-55.1990,0
 25.7358,-92.0212,0
-28.3418,-51.0980,0
 -8.8690,-54.9646,0
 25.5612,-94.9185,0
-16.9532,-69.2689,0
 -2.5305,-48.2146,0
-35.2297,-66.0586,0
-28.4127,-50.2987,0
-16.2340,-70.0233,0
-27.4912,-55.7415,0
-21.4767,-45.4538,0
 -9.3600,-54.1720,0
-20.4607,-43.8562,0
-27.5916,-56.2655,0
-41.3994,-65.6264,0
 -8.7661,-55.0287,0
-10.4203,-61.0217,0
-26.8004,-56.2863,0
-26.5963,-58.4292,0
-27.0025,-51.2670,0
-17.1845,-57.1733,0
 -2.5209,-65.7267,0
-26.5546,-56.8615,0
-35.2496,-66.0171,0
-19.9385,-65.1219,0
-23.3547,-54.0147,0
-16.7680,-69.5805,0
 -9.7351,-56.5647,0
 -8.8523,-54.5187,0
 25.7408,-91.9949,0
-29.1335,-50.2398,0
-35.1253,-67.3699,0
-41.2853,-66.5833,0
-21.1275,-44.4490,0
-10.8604,-68.6527,0
-10.3821,-53.5183,0
 -9.3769,-53.9580,0
 -8.1665,-54.5585,0
-18.0286,-45.1074,0
-21.4729,-45.0931,0
-21.4272,-44.5094,0
-11.7837,-58.2078,0
-14.1628,-61.1602,0
-10.5955,-55.7542,0
-35.3795,-66.5593,0
-10.4814,-47.4790,0
-26.4509,-56.9521,0
-27.5428,-56.0088,0
-13.8886,-58.4116,0
-28.0086,-55.4443,0
-38.7847,-63.7293,0
 -9.8818,-47.8452,0
 -3.5030,-65.4642,0
-21.5571,-44.5149,0
 -6.7520,-48.3604,0
-28.8668,-50.8758,0
 24.4561,-93.5980,0
 -9.0256,-55.2964,0
-11.1942,-55.5311,0
-18.0544,-68.2444,0
-28.3179,-55.4643,0
  2.0966,-65.8075,0
-26.6664,-56.7305,0
-10.3983,-47.8858,0
 -6.6941,-54.4790,0
 -8.7651,-54.1838,0
-41.3103,-65.4685,0
-35.2866,-67.3038,0
 -5.2074,-62.9842,0
 24.2937,-95.4765,0
-34.0329,-68.1510,0
-25.3873,-49.8586,0
-28.0866,-49.4404,0
 -8.9314,-54.7684,0
-10.4523,-53.4930,0
-31.7531,-64.7593,0
-16.5679,-68.4315,0
 27.2665,-93.4580,0
-11.0313,-56.1040,0
-21.6959,-44.6009,0
-27.3765,-56.0081,0
-21.8267,-44.0003,0
-21.3779,-45.4110,0
-27.9304,-49.3822,0
-27.4381,-58.7232,0
-20.5081,-43.8123,0
-28.1712,-49.6606,0
 25.1546,-95.0466,3
-11.1465,-55.3870,0
-17.1910,-68.3726,0
-12.6524,-54.7834,0
 -8.6576,-54.4787,0
-28.0039,-53.9807,0
-37.3047,-64.3735,0
 25.7251,-91.9892,0
-26.4121,-57.3304,0
-38.5319,-63.8601,0
-27.3411,-55.3787,0
 24.9750,-94.9875,0
 -6.9323,-54.7789,0
-27.6071,-56.3850,0
-11.1086,-55.9357,0
 25.4126,-95.0511,0
-21.4085,-44.4675,0
-21.2425,-45.5519,0
-11.4610,-58.4938,0
-23.4216,-54.2151,0
-10.9547,-56.1898,0
-17.8188,-68.1304,0
-27.7028,-51.0283,0
-40.5452,-63.9761,0
 25.3565,-92.2010,0
-10.6900,-47.9898,0
-35.4677,-66.7341,0
-17.3397,-68.9991,0
-18.0233,-45.0233,0
-36.5873,-64.3985,0
-25.5048,-59.4946,0
-10.6858,-53.4733,0
 -8.8138,-54.0251,0
-21.1005,-44.3939,0
-35.6318,-66.0249,0
-36.5810,-64.6866,0
 -8.2860,-55.8246,0
 -9.8620,-53.8549,0
-35.5011,-66.2635,0
-10.3234,-53.5337,0
-28.3407,-50.0802,0
-26.6686,-56.6407,0
-10.5345,-47.5439,0
-14.6240,-69.6681,0
 -8.9620,-54.9294,0
-11.1703,-55.4782,0
-27.5241,-55.9159,0
-27.8936,-54.2413,0
-11.2597,-55.2735,0
 -9.4021,-54.8849,0
 -8.7909,-54.4470,3
-16.2982,-70.1742,0
-35.1263,-67.2405,0
-21.5336,-45.1221,0
-21.4752,-44.5339,0
-16.8038,-69.4037,0
-38.1387,-64.0795,0
-34.2561,-67.8570,0
 25.7268,-91.9424,0
 -6.7825,-54.9580,0
-11.0406,-56.1781,0
 -8.3128,-51.3773,0
-10.6680,-56.6540,0
-41.6514,-64.7774,0
 -9.0866,-56.7233,0
 -8.7225,-54.3448,0
-12.9606,-42.5509,0
 -9.2651,-54.0268,0
 -3.9780,-49.6069,0
-15.2458,-71.1216,0
 -8.7597,-54.1398,0
-38.6340,-63.7500,0
-26.5351,-56.8289,0
-21.8257,-43.9144,0
-15.9417,-58.9334,0
-27.3698,-56.1332,0
-40.7964,-63.8506,0
-35.3567,-67.9557,0
-27.3549,-55.2123,0
-10.5372,-47.4249,0
-27.5940,-56.3270,0
-21.1458,-44.4511,0
-11.4667,-76.2158,0
-14.0234,-74.0495,0
 -8.1158,-55.1981,0
 23.7552,-93.8555,0
 -5.4955,-62.9145,0
-13.8313,-56.3918,0
 -4.1650,-73.2500,0
 -3.8713,-73.2964,0
 -3.7219,-49.5673,0
 -8.9362,-54.6672,0
-21.4782,-44.4512,0
-28.3942,-55.3090,0
-18.8451,-67.9988,0
-11.2188,-55.8750,0
 -6.9144,-49.0913,0
-10.3781,-47.8271,0
-34.9781,-66.4837,0
 -8.7374,-54.1624,0
-35.2976,-66.5691,0
-21.4449,-45.3478,0
-37.3684,-64.4588,0
 25.7370,-91.9714,0
-41.8598,-64.8556,0
-18.0537,-45.0257,0
-28.8719,-50.7799,0
-28.0432,-52.7174,0
 25.0956,-95.4405,0
-26.4389,-56.9785,0
-35.2251,-66.1129,0
