-24.6308,-24.0241,0
-24.3176,-20.9572,0
  6.6031,-74.3476,0
-24.5675,-22.3166,3
-24.6193,-22.8264,3
-29.6803,-54.5835,0
-24.6844,-24.5063,3
-40.3992,-59.3359,0
 25.4636,-87.7441,0
 23.5603,-90.4965,0
-24.7875,-24.1686,3
  6.3140,-74.9274,0
 24.2737,-86.0316,0
-29.3481,-55.2084,0
-24.5670,-22.3166,3
-24.6188,-22.8264,3
-24.3171,-20.9572,0
-24.8916,-23.8258,5
-24.6297,-24.0251,0
-26.0084,-18.8575,0
 28.5457,-47.1634,0
-25.0045,-23.3368,5
-24.3166,-20.9573,0
 27.9950,-91.6162,0
-24.7868,-24.1687,3
-24.5665,-22.3168,3
 -7.1758,-61.4105,0
-24.8906,-23.8260,0
-24.6182,-22.8266,3
-24.4236,-20.5720,3
-29.0845,-56.5402,0
-29.1647,-57.0359,0
-24.6836,-24.5064,3
-29.0638,-55.7913,0
-23.9577,-21.4010,0
-24.5661,-22.3170,3
 24.1539,-88.7501,0
-25.7062,-20.1669,0
-24.7863,-24.1689,3
 23.9219,-88.9668,0
-29.3295,-54.8717,0
-24.6181,-22.8270,3
-33.5334,-61.9647,0
-33.2465,-62.1504,0
 -9.2051,-50.6850,3
-24.5658,-22.3171,3
  6.5145,-74.7940,0
-24.7860,-24.1691,3
-29.7219,-55.7687,0
-40.3699,-59.7698,0
-26.0006,-18.8745,5
 26.9803,-84.6248,3
 -9.1128,-50.5902,0
-24.6178,-22.8274,3
 24.1603,-88.7513,0
 27.0764,-84.4983,0
-25.0033,-23.3372,5
-24.5654,-22.3179,3
-24.6828,-24.5067,0
-29.3120,-55.2758,0
-24.3157,-20.9581,5
-25.9506,-19.0024,0
-40.4141,-59.3339,0
-24.7857,-24.1700,3
-25.0028,-23.3384,0
-24.4224,-20.5727,5
-24.6824,-24.5083,0
-24.6175,-22.8286,3
-25.9505,-19.0034,0
-25.0026,-23.3391,0
-24.5652,-22.3197,3
-25.9502,-19.0042,0
-24.3152,-20.9601,0
 10.3096,-78.5315,0
-24.7854,-24.1713,3
  6.7757,-78.4876,0
 26.0653,-88.4651,0
 24.2737,-86.0151,0
-40.2098,-64.0460,0
-31.2169,-65.7001,0
-29.5945,-54.6811,0
-24.6171,-22.8299,3
  6.4002,-75.0052,0
-32.5505,-62.2106,0
-26.0524,-18.7422,5
-33.3288,-61.9326,0
-32.4293,-61.3871,0
-24.5643,-22.3203,3
 26.4253,-84.6775,3
-24.7851,-24.1719,3
-33.4770,-61.8306,0
-24.4216,-20.5754,5
 24.7664,-90.0393,0
  6.3440,-74.1632,0
-29.2451,-55.2503,0
 26.3557,-84.6858,0
-24.6195,-24.1651,3
-37.2208,-70.0621,0
 24.5631,-83.3307,0
-28.8102,-55.9100,0
-24.3149,-20.9604,5
-29.7185,-54.9331,0
-32.4062,-61.4749,0
-29.3452,-55.2095,0
-24.6192,-24.1630,3
 28.6183,-95.9275,0
 34.4576,-38.6232,0
-26.0085,-18.8545,5
-31.7950,-65.5565,0
-28.2553,-59.6216,0
-24.7854,-24.1708,3
-23.9151,-20.7130,5
-24.0203,-21.9188,0
-24.6170,-22.8298,5
-24.5649,-22.3194,3
 24.2770,-86.0356,0
-24.6201,-24.1636,3
-24.6743,-24.6429,0
-24.6176,-22.8280,0
 27.1532,-91.9153,0
-24.0085,-21.9276,0
-24.3154,-20.9589,0
-24.6202,-24.1635,3
 23.9307,-88.9300,0
-28.7088,-59.1096,0
-24.5654,-22.3180,0
-24.6205,-24.1632,3
 23.5601,-90.5062,0
-29.3694,-55.2584,0
-25.1262,-22.6938,0
-40.3947,-59.3487,0
-24.4221,-20.5738,5
-24.7859,-24.1697,3
 -8.2367,-49.3830,0
-26.0166,-18.8334,0
-24.6207,-24.1631,3
-24.5659,-22.3176,0
 23.8062,-90.2805,0
-24.6208,-24.1632,3
-25.9512,-19.0017,0
 -0.2970,-61.7036,0
-24.6751,-24.6424,0
-23.9159,-20.7115,3
-24.6210,-24.1633,3
-33.3283,-62.0057,0
-29.5907,-55.2975,0
-31.2843,-66.1455,0
-24.6209,-24.1629,3
-31.7104,-65.6011,0
-40.4113,-59.3242,0
-24.6212,-24.1631,3
-30.1047,-54.7368,0
-25.7070,-20.1678,0
-24.6216,-24.1634,3
-23.9168,-20.7116,3
-26.0539,-18.7402,0
-24.0235,-21.9161,5
-24.6218,-24.1636,3
-25.9519,-19.0020,0
-24.3164,-20.9584,5
-24.4237,-20.5732,0
  6.5223,-74.5323,0
-29.9736,-53.4501,0
-29.9073,-55.6532,0
-24.6218,-24.1639,3
-29.3191,-55.2376,0
-25.9524,-19.0026,0
-24.7869,-24.1697,5
-24.6216,-24.1635,3
-23.9172,-20.7121,3
 28.3301,-85.4177,0
-29.8618,-55.1140,0
-24.6760,-24.6428,3
 -7.7098,-59.3590,0
 24.1608,-88.7489,0
-24.6221,-24.1633,3
-33.4037,-61.8444,0
-29.1944,-57.0074,0
-24.9789,-23.7597,0
-24.6220,-24.1632,3
 25.1687,-87.7022,0
-25.7075,-20.1678,0
-23.9174,-20.7115,3
-24.4240,-20.5733,0
-25.1279,-22.6936,0
-24.6215,-24.1613,3
  6.4358,-74.2385,0
-24.0221,-21.9180,3
-24.6224,-24.1627,3
-24.6765,-24.6421,3
-24.7877,-24.1695,0
 -6.3474,-62.4168,0
-24.3174,-20.9585,0
-37.1024,-68.2275,0
-24.6224,-24.1625,3
-23.9178,-20.7108,3
-24.4245,-20.5721,0
-24.5589,-22.4628,3
-26.0299,-18.8037,5
-29.6598,-54.7377,0
-24.6768,-24.6414,3
-24.6226,-24.1620,3
-25.9531,-19.0005,0
-40.3486,-59.4870,0
 24.2142,-89.2610,0
 24.2673,-86.0129,0
-25.7082,-20.1659,0
-29.6609,-54.7554,0
-24.4247,-20.5713,0
-24.7884,-24.1680,0
-29.0681,-55.6891,3
-24.6104,-22.9693,5
-25.1286,-22.6920,0
 23.7890,-90.2902,0
-24.6227,-24.1614,3
-24.0371,-21.9049,3
-24.5592,-22.4616,3
-23.9506,-21.5497,0
-23.9181,-20.7096,3
-24.6769,-24.6406,3
-29.5634,-54.7383,0
-29.1702,-55.5038,0
-24.6228,-24.1611,3
-24.5593,-22.4610,3
-24.6770,-24.6400,3
-24.3181,-20.9562,0
-23.9507,-21.5491,0
 24.0814,-88.9009,0
-29.4312,-54.9993,0
-29.5976,-54.6771,0
-30.0044,-53.2922,0
-24.6229,-24.1604,3
-25.7084,-20.1642,0
 23.6891,-91.3596,3
  3.2329,-78.4055,0
  3.9636,-66.6312,0
 23.8726,-91.3212,3
-24.8839,-23.9625,0
-24.5593,-22.4604,3
-24.6771,-24.6394,3
 23.9200,-88.9644,0
