-22.2734,-44.3923,0
-12.6380,-42.5548,0
 -9.3590,-53.5920,0
 -8.4018,-54.8923,0
-36.6410,-65.1532,0
 25.5973,-92.5001,0
-11.3303,-47.0812,0
  2.8320,-77.5949,0
-21.1071,-53.1462,0
-25.4894,-59.5890,0
-15.7057,-54.7828,0
-10.0184,-46.9008,0
 25.7462,-92.6255,0
-14.2324,-50.8313,0
-13.8646,-59.9463,0
 -9.6393,-53.4207,0
-27.1861,-55.0676,0
 -2.6858,-53.3604,0
 -9.2270,-54.1771,0
-13.9417,-58.8033,0
-14.6207,-55.4386,0
-11.6355,-49.6514,0
-27.1349,-51.6666,0
-11.2840,-58.0659,0
 -2.3487,-65.2811,0
 -8.0499,-53.9150,0
-28.3748,-51.7560,0
-40.5071,-63.8301,0
 -8.5265,-54.4828,0
-22.8382,-53.9705,0
-13.1853,-56.0813,0
-14.0939,-70.6986,0
-13.5003,-75.1729,0
-14.6210,-55.4171,0
 24.6904,-95.6617,0
-13.3095,-50.5635,0
-15.6389,-59.8589,0
 -9.2133,-56.0310,0
-19.1629,-56.5303,0
-34.6243,-68.3847,0
 -4.0034,-48.9278,0
-13.2790,-42.1784,0
-26.5600,-58.3456,0
 -9.2873,-54.2724,0
-14.6351,-55.5345,0
 -9.7844,-60.4099,0
-29.3391,-51.6106,0
 22.9592,-85.3950,0
-22.3638,-44.4838,0
-29.1757,-51.1791,0
 -7.9164,-54.1904,0
-21.8116,-44.1188,0
 -9.4406,-57.4619,0
-21.0277,-53.0390,0
-27.6040,-51.4560,0
-13.4619,-59.4888,0
 -8.8124,-56.3158,0
-11.9614,-45.2135,0
 -7.7125,-54.7554,0
-22.2628,-44.3079,0
 -5.0959,-62.4551,0
 23.0955,-86.4988,0
 -9.6757,-53.5514,0
-16.4758,-70.0314,0
 27.6014,-90.0239,0
 -8.4969,-54.7779,0
 -9.9254,-55.6328,0
 -7.9208,-51.7632,0
-40.6234,-63.8825,0
-22.0457,-44.0954,0
-34.2292,-68.3509,0
-11.5641,-49.6564,0
-16.6920,-57.0862,0
-12.7235,-59.7853,0
-17.8244,-67.1998,0
 -9.4575,-53.5792,0
-20.2986,-65.5821,0
-11.3133,-46.9914,0
-26.7500,-56.2687,0
 25.3153,-92.6337,0
-21.0781,-53.1483,0
 23.2202,-86.4551,0
-15.7308,-71.7906,0
-14.7811,-55.4677,0
 -9.9706,-47.5230,0
-14.1993,-54.7617,0
 -8.0934,-56.6711,0
-27.9225,-51.4686,0
-13.2608,-59.3471,0
-27.0170,-56.1589,0
-34.6206,-68.2930,0
-10.3500,-49.4604,0
-13.4606,-55.9533,0
-14.0879,-50.7698,0
-12.7395,-53.0153,0
-16.7663,-56.9636,0
-22.4182,-44.3468,0
-17.0977,-69.5811,0
-16.1103,-53.8878,0
-10.9101,-56.2510,0
-40.7487,-63.9400,0
-11.3061,-58.0018,0
-41.1721,-66.2142,0
-26.9616,-56.0435,0
-36.5661,-64.7038,0
-15.7191,-54.7514,0
-35.4352,-68.2174,0
-10.2427,-47.7199,0
-34.2282,-68.4417,0
-13.2639,-42.1805,0
-22.7177,-53.8317,0
-28.3321,-53.0675,0
 -7.9208,-51.7924,0
-15.1832,-59.3323,0
-24.0895,-55.3802,0
 -8.8461,-56.1933,0
 24.8360,-95.5455,0
-27.0456,-56.6398,0
-17.1099,-57.8527,0
-21.8250,-45.5533,0
-21.1897,-53.1289,0
-22.3076,-44.4434,0
-26.3811,-52.4399,0
-15.8839,-58.8134,0
 -3.9209,-49.0895,0
-16.5287,-58.3352,0
 -8.2625,-59.5748,0
 25.1171,-92.6701,0
-25.4820,-59.5238,0
-14.5645,-55.3807,0
-25.4498,-50.3107,0
-26.7520,-56.4298,0
 -9.4495,-61.7629,0
 -9.4002,-53.5805,0
-21.6424,-44.2103,0
-11.5834,-49.6834,0
-40.7011,-63.7966,0
-34.2289,-68.4416,0
-21.1078,-53.1312,0
 -9.2598,-54.2523,0
 -9.7717,-53.4320,0
 -0.9076,-73.7201,0
 -8.6278,-53.6383,0
-41.2874,-66.1232,0
-15.0128,-59.2716,0
-26.8570,-56.7412,0
-24.5268,-57.6418,0
-26.8820,-56.1975,0
-13.3035,-60.1195,0
 25.3541,-84.8486,0
-28.5684,-51.5912,0
-13.3410,-55.9682,0
-25.4082,-59.6637,0
 -8.1929,-53.9395,0
-22.4157,-44.4347,0
-34.6687,-68.3990,0
-26.7901,-55.3685,0
 -2.7721,-49.5257,0
-14.7670,-55.9759,0
-36.7997,-64.8469,0
-10.3607,-49.3824,0
 -8.2572,-50.8739,0
-28.6913,-51.5152,0
 -9.6356,-53.4349,0
-13.8713,-59.9286,0
-19.1117,-56.5440,0
-13.9652,-58.1186,0
-26.8161,-56.6164,0
 -7.7452,-54.7909,0
-13.2707,-42.1795,0
-23.9811,-50.7013,0
 -8.0854,-53.9364,0
-11.3104,-58.0810,0
-13.9538,-70.7888,0
 26.2555,-94.0038,0
-10.0105,-47.4688,0
-10.5618,-49.2785,0
-42.0469,-66.7132,0
 -7.6316,-54.7472,0
-34.5262,-68.1861,0
 -9.3886,-53.6163,0
 -0.7616,-73.7369,0
-23.9153,-51.3184,0
-13.8788,-71.0109,0
-10.3368,-49.8321,0
 -3.2557,-45.8387,0
-11.5968,-49.7006,0
-28.2105,-51.8368,0
 24.9455,-95.1060,0
-19.7122,-53.5772,0
-10.5320,-49.2975,0
 -9.0474,-56.2046,0
-20.2113,-65.6329,0
-15.3925,-72.0995,0
 -8.4896,-54.5268,0
-21.8030,-44.1063,0
 24.6928,-95.6396,0
-28.3954,-53.0042,0
-25.8206,-59.3791,0
-21.1306,-53.1411,0
 -8.7764,-56.1760,0
 22.8948,-85.2790,0
-12.7191,-42.4516,0
 -9.6375,-53.6124,0
-26.9844,-56.1141,0
-29.1812,-51.0804,0
-35.6020,-67.3129,0
-27.1031,-54.8072,0
-40.6161,-63.7525,0
 -9.5099,-53.6136,0
-15.6405,-59.9112,0
-14.1532,-50.8153,0
-11.3130,-47.0704,0
-12.6393,-42.5353,0
-27.2239,-55.0797,0
-12.1411,-45.1347,0
-13.2754,-42.2688,0
 24.9744,-85.2738,0
-11.2953,-58.3288,0
-15.7283,-54.7840,0
-22.1934,-44.1105,0
 -7.9640,-54.3180,0
-34.2616,-68.4771,0
 -7.8880,-55.3416,0
-15.0266,-59.2425,0
-22.3383,-44.4091,0
-13.9566,-58.7675,0
-19.1417,-56.5701,0
 -9.2012,-54.2732,0
 -9.4970,-56.1276,0
-26.9307,-56.2688,0
 -2.2928,-47.9550,0
 25.0738,-85.4482,0
-21.1104,-53.0571,0
-18.4026,-66.5494,0
-14.6218,-55.4171,0
 -8.5129,-53.2465,0
-20.2194,-65.5566,0
 -9.7015,-53.5409,0
 -8.0585,-52.7513,0
-25.9554,-57.1680,0
 -7.9454,-51.8432,0
-16.5986,-58.2994,0
 27.7596,-91.1105,0
 -1.4022,-52.4402,0
 -3.0987,-49.6278,0
-40.9246,-63.7847,0
 -7.8347,-54.1288,0
-14.3919,-70.8355,0
 -9.6270,-53.4853,0
 -7.9445,-52.3563,0
 24.7842,-95.4859,0
-15.2571,-59.3263,0
-25.8876,-51.4785,0
-15.0584,-59.3247,0
 -9.2299,-54.1996,0
-28.0383,-52.9024,0
 -7.7390,-60.3742,0
-14.9521,-54.2327,0
-26.5340,-58.3562,0
-26.8598,-52.3930,0
 -8.8050,-56.2468,0
-21.8256,-45.5544,0
-21.6834,-44.1208,0
 -8.8784,-56.5971,0
-10.2591,-56.3671,0
 -8.1126,-56.7550,0
-11.0694,-52.7712,0
-10.0303,-58.3887,0
-14.8492,-59.6837,0
 -9.2653,-54.0385,0
 -9.4008,-53.5548,0
 -2.4828,-47.0996,0
-11.3231,-58.0188,0
-28.2649,-53.0291,0
-26.9049,-56.2128,0
-16.8939,-58.9985,0
-14.2829,-59.6332,0
 -8.7177,-53.7084,0
-11.5983,-49.7791,0
-13.9405,-58.1697,0
-14.6198,-55.5346,0
-13.8658,-50.8773,0
 -3.7345,-50.1180,0
-27.0438,-56.6571,0
-13.2262,-60.3213,0
-11.9623,-45.2162,0
-34.6321,-68.5019,0
-37.7357,-64.8790,0
 28.1879,-91.8186,0
 -8.8209,-56.2792,0
-37.4204,-65.2006,0
-28.1368,-54.8912,0
 -9.7539,-56.0536,0
 -9.2453,-54.2552,0
-15.7200,-54.7402,0
-35.3653,-67.7212,0
-15.4625,-59.2373,0
-15.3849,-55.4121,0
 -8.3201,-59.6628,0
-37.7088,-64.7955,0
-27.9945,-50.1593,0
-34.2291,-68.4427,0
-14.6048,-55.4368,0
 -1.6297,-51.5529,0
 24.8833,-95.5669,0
-22.2747,-42.6138,0
-26.4137,-52.3633,0
-13.2616,-59.3459,0
-13.2703,-42.1805,0
-21.1900,-53.1381,0
-17.8107,-69.5197,0
-26.9847,-56.0899,0
-21.8837,-44.3673,0
 36.6909,-40.9068,0
-26.6983,-56.3408,0
-28.1304,-51.8864,0
 -7.9869,-52.7300,0
 -7.6848,-54.8216,0
 24.6774,-95.6534,0
 -9.7726,-54.4493,0
-14.9834,-55.4012,0
 -5.0384,-62.5584,0
-37.9559,-64.7543,0
 -3.1037,-49.5950,0
 -9.6275,-53.4289,0
-24.7508,-57.1923,0
-16.6317,-70.2156,0
  2.1566,-36.0371,0
-34.6292,-68.3010,0
-27.1168,-53.4841,0
-22.4154,-44.4362,0
-13.4607,-55.9567,0
-13.2683,-42.2601,0
-14.6216,-55.4176,0
-26.7509,-56.2698,0
-28.5389,-53.0307,0
-26.9163,-56.6269,0
-29.3448,-51.4009,0
-44.6713,-68.1089,0
-34.7048,-68.3969,0
-21.1206,-53.1029,0
 -8.1415,-53.9421,0
 -9.2443,-54.1445,0
-27.0352,-52.3072,0
 -7.8877,-51.7814,0
  4.5446,-62.2134,0
 27.4246,-89.8678,0
-25.4881,-59.6674,0
-13.2320,-51.1770,0
-11.5566,-49.6979,0
-14.6426,-57.6299,0
 -7.7621,-54.8403,0
-23.9513,-50.6107,0
  4.8872,-67.8488,0
-34.2293,-68.4171,0
-37.8773,-64.7869,0
-28.3661,-51.7900,0
 25.6359,-84.9265,3
 -9.4767,-53.6216,0
-21.8175,-44.1341,0
 -9.9687,-46.9313,0
-14.7889,-59.6901,0
 -8.4268,-54.8165,0
-15.7911,-54.7741,0
 24.9449,-95.5073,0
-16.1234,-58.4340,0
-16.5234,-63.4990,0
 25.6374,-84.9703,0
-27.3812,-53.2659,0
-26.9037,-54.2099,0
 27.6424,-91.1855,0
-17.0191,-59.3060,0
-19.5641,-66.9264,0
-28.6947,-51.4199,0
-13.8522,-59.9587,0
-12.6399,-42.5476,0
-11.3110,-58.0338,0
 -9.4181,-59.6238,0
 -8.4363,-62.1995,0
-15.4901,-59.2245,0
-20.2787,-65.5625,0
-22.2598,-44.3975,0
 -8.5991,-53.5700,0
-34.6646,-68.3254,0
-16.0765,-53.8947,0
-28.4268,-53.1301,0
 25.1184,-92.6919,0
 -9.4745,-47.8605,0
-10.0086,-47.5483,0
-30.9142,-60.9322,0
 22.9485,-85.2922,0
 -9.3663,-53.5506,0
 25.6402,-84.9079,0
 -2.6012,-46.2500,0
-40.5471,-63.6756,0
-13.6524,-60.0193,0
-27.8273,-54.6503,0
-27.0483,-56.6288,0
-14.8551,-57.1810,0
-13.4581,-56.0396,0
-14.0869,-50.8435,0
 -8.1769,-59.6308,0
-14.1603,-70.2474,0
 -8.7737,-60.9610,0
-10.3536,-56.2332,0
-21.0281,-53.0919,0
 -8.3408,-58.2078,0
-26.8818,-56.2077,0
-41.2864,-66.1698,0
-25.4094,-59.5947,0
-15.7080,-54.7742,0
-15.0959,-59.2603,0
 -9.0937,-56.1066,0
 -9.6017,-53.4815,0
-40.4430,-64.5127,0
-11.6494,-49.6590,0
-26.7478,-56.3612,0
-40.6273,-63.7621,0
-37.3379,-65.1177,0
-13.3718,-59.8228,0
-22.5572,-42.6978,0
 -9.4128,-61.5649,0
-10.7077,-56.3446,0
 -9.9627,-47.4165,0
-13.2373,-42.1904,0
-40.5301,-64.0710,0
-14.5821,-55.4338,0
-16.6946,-57.0839,0
-22.2177,-44.3284,0
-21.1267,-53.0990,0
-27.0335,-56.2949,0
 -9.1910,-54.2301,0
-12.7155,-42.5624,0
 -9.5123,-53.6013,0
 -8.7838,-56.3555,0
-18.1163,-68.1974,0
 -9.7161,-61.6511,0
-14.4796,-70.0606,0
-10.7932,-56.2994,0
-34.6045,-68.4993,0
 -1.8464,-48.7107,0
 24.8565,-95.6156,0
-27.2396,-55.0506,0
 -7.8070,-57.7260,0
-14.3864,-62.7208,0
-26.8115,-56.7726,0
 -7.7274,-56.4419,0
 -8.0427,-53.8450,0
-15.7704,-54.7113,0
-21.6640,-44.1279,0
-24.0703,-50.8465,0
-21.1071,-53.1474,0
-22.4046,-44.4803,0
-14.6212,-55.4186,0
 -9.3176,-54.2676,0
-10.3439,-55.2868,0
-13.6611,-42.8950,0
 -9.6336,-54.5542,0
-11.9171,-55.6800,0
-14.2272,-56.2083,0
 -2.7786,-47.4092,0
-25.5030,-59.5794,0
-16.9583,-68.2095,0
 24.1297,-93.8912,3
 -8.9639,-56.1265,0
-25.2406,-56.9573,0
-16.1264,-53.8879,0
-18.1394,-68.2695,0
 -7.9859,-52.7862,0
-36.1385,-67.9707,0
 25.0648,-93.6687,0
-26.9034,-56.1209,0
-23.2682,-46.7343,0
-10.3604,-49.3529,0
-15.5123,-56.7621,0
-21.8021,-44.1011,0
 -8.4996,-54.5368,0
 -9.7119,-53.4762,0
-26.5404,-58.3252,0
 24.1668,-93.8089,0
-10.3489,-49.9227,0
 24.7060,-95.6602,0
-35.1275,-68.2801,0
-11.3172,-47.1040,0
-37.4627,-65.2244,0
-26.8080,-50.3068,0
-22.1912,-44.2504,0
-13.2799,-42.1798,0
-15.7305,-54.8162,0
-11.3030,-58.0199,0
-14.9155,-69.5178,0
 -8.0319,-53.9935,0
-14.1519,-50.7758,0
 -9.4351,-53.5357,0
-16.5987,-58.3676,0
-14.6211,-55.4180,0
-35.5190,-67.4616,0
-21.9319,-42.2581,0
-26.9986,-56.1279,0
 -9.7132,-53.3246,0
 -9.4518,-54.5902,0
-12.1984,-44.9487,0
-22.2597,-44.3969,0
 -9.5940,-53.5368,0
-15.6870,-54.7037,0
-22.4726,-42.8391,0
-19.1281,-56.5241,0
 23.2406,-86.4047,0
-28.1586,-54.8556,0
 -8.6499,-53.6747,0
-22.6889,-42.6303,0
-14.0763,-50.7730,0
-25.9538,-57.1963,0
 -7.7448,-54.7600,0
-21.3273,-44.1927,0
-17.0132,-69.6135,0
-26.7199,-50.5222,0
 -3.9953,-49.0192,0
 -8.2291,-50.9535,0
-16.2087,-53.9636,0
-27.3196,-53.3571,0
-14.6090,-55.4058,0
-11.5819,-49.7601,0
 -8.5027,-53.4432,0
-14.0000,-58.8177,0
-13.3335,-55.9691,0
 -8.1212,-53.9700,0
-27.1755,-51.6573,0
-26.9179,-56.0933,0
 -3.0362,-47.3990,0
-34.6936,-68.4333,0
 -9.6177,-53.4130,0
