-40.6434,-63.3435,0
-25.7892,-59.5477,0
-36.3620,-64.7188,0
-26.8139,-53.8133,0
-27.1331,-51.6033,0
-29.2103,-50.3903,0
-26.2253,-59.1159,0
 -8.6646,-54.3006,0
-16.2484,-70.2225,0
-37.5058,-64.5819,0
-17.8336,-68.6640,0
  5.1637,-75.9235,0
-10.4399,-47.4439,0
-40.9995,-63.3644,0
 -8.3849,-55.1032,0
-13.4101,-42.9511,0
 -9.7128,-60.6101,0
-21.6765,-43.8255,0
-10.7708,-61.2296,0
-13.3493,-42.2418,0
-27.2883,-56.2593,0
-17.0537,-57.1543,0
 -9.4726,-48.1168,0
 27.4575,-89.6448,0
-13.9971,-56.1424,0
-35.4310,-68.3205,0
-21.7255,-44.4927,0
-19.9744,-65.9821,0
 -9.2861,-54.6250,0
-27.3744,-55.9526,0
 -8.7794,-56.6347,0
 25.5542,-84.5217,0
-34.1927,-68.3282,0
 -8.6041,-53.9222,0
-27.1665,-56.0881,0
-34.1602,-68.0015,0
-33.9993,-68.2797,0
 -9.0703,-54.5064,0
-25.8979,-59.5106,0
-26.7383,-51.9156,0
-14.9995,-72.2441,0
-24.0582,-55.3547,0
-23.3938,-46.5254,0
-28.4126,-54.8422,0
 28.3079,-90.3320,0
-35.1898,-67.3483,0
-36.5845,-64.4561,0
-38.0973,-64.3719,0
-29.3523,-50.8302,0
-11.1171,-55.1242,0
-27.3002,-55.8782,0
-17.0836,-57.0942,0
-35.5375,-66.6160,0
-26.4001,-57.4380,0
-21.8474,-42.5449,0
 -2.5429,-47.7824,0
-21.7450,-43.8791,0
-34.3579,-67.8860,0
-11.0475,-55.7978,0
 -7.0249,-55.3575,0
-38.3939,-64.0848,0
 -9.3908,-54.7823,0
-17.8746,-60.6204,0
-18.9356,-66.4190,0
-15.9279,-58.4895,0
-11.8289,-58.1177,0
 -2.3751,-49.3628,0
 25.3693,-84.6201,0
-35.4898,-66.8444,0
-22.4141,-44.2866,0
-15.6966,-59.1392,0
-11.4563,-58.4640,0
 25.5740,-92.1850,0
-35.1196,-67.5971,0
-28.8341,-50.9887,0
-26.5256,-56.8297,0
 -8.0816,-58.6755,0
-26.2036,-59.5016,0
-40.6239,-63.2443,0
 -8.7206,-53.9524,0
-12.6701,-53.1550,0
-12.1050,-54.8745,0
-38.6050,-64.0357,0
-35.3665,-67.2138,0
-26.2245,-59.0412,0
-11.0609,-55.1284,0
 25.0927,-95.2787,0
 -9.4079,-54.6021,0
-16.9272,-69.5481,0
-10.4703,-56.6324,0
-10.9470,-56.3570,0
-20.8331,-43.9479,0
-10.4646,-47.7772,0
 25.4978,-84.5156,0
-17.7841,-67.4006,0
-17.0936,-57.1753,0
-17.6615,-69.0363,0
 -8.6520,-53.8520,0
-29.3954,-50.9318,0
-16.9308,-57.1562,0
-10.5449,-47.4241,0
 -8.3286,-55.7380,0
-27.3017,-56.2756,0
-11.8371,-58.1764,0
-10.2909,-49.1903,0
-21.5147,-45.4686,0
-21.7895,-44.5227,0
-36.5327,-64.4091,0
 24.7734,-95.3011,0
-35.4513,-68.2358,0
 -9.0951,-54.4414,0
 25.7626,-92.1639,3
-22.4141,-44.4325,0
-11.4715,-55.7887,0
 -3.9993,-45.2572,0
 -9.0477,-55.2021,0
-10.0146,-47.7710,0
-38.3628,-64.2876,0
-20.0912,-58.5235,0
-21.6417,-44.0766,0
-27.6590,-54.3799,0
  1.7965,-60.0287,0
 -9.8028,-58.8121,0
-35.1365,-67.8104,0
 -3.9393,-49.4353,0
-25.8628,-59.6174,0
-10.6476,-56.4433,0
-34.5199,-67.8571,0
-15.6531,-59.3717,0
-10.4726,-47.2948,0
-22.1000,-44.1637,0
-35.4174,-66.7424,0
-27.4305,-56.4570,0
 -6.9292,-54.6663,0
 25.7905,-92.0046,0
-28.1896,-51.5222,0
 -9.2458,-54.5413,0
-27.1065,-55.4505,0
-40.5958,-64.2129,0
 -8.6193,-53.9650,0
 25.7227,-94.9400,0
 -9.3468,-56.3171,0
 -6.9802,-48.9827,0
-21.4071,-44.3825,0
 -3.0906,-49.9007,0
 -4.0182,-45.2563,0
-21.7084,-44.4486,0
-10.2518,-49.5630,0
-17.6724,-59.3205,0
-19.7861,-54.0022,0
 29.1493,-89.6668,0
 -6.0588,-53.1588,0
-38.6032,-64.1458,0
-14.9479,-59.6726,0
-35.1321,-67.5445,0
-21.5151,-45.6389,0
 -2.9277,-52.6327,0
-19.0208,-65.8799,0
-10.4565,-47.3940,0
-34.4365,-68.0957,0
 25.3639,-84.6295,0
-35.5991,-67.9315,0
-10.6365,-47.5463,0
-26.7899,-50.8053,0
-10.5566,-56.5324,0
-17.6488,-67.8822,0
-35.0422,-67.4587,0
 -9.7821,-61.7563,0
-16.8448,-58.2966,0
-10.5299,-47.4046,0
 -9.0081,-56.5158,0
-27.4642,-56.3859,0
 25.2668,-92.3884,0
 -8.9382,-55.2220,0
 25.5793,-84.4733,0
-17.0501,-57.2635,0
 -9.0210,-54.4047,0
 -0.0892,-55.9379,0
-22.4604,-44.3161,0
-34.6408,-67.8479,0
-29.1479,-50.4150,0
-35.1201,-67.6133,0
 -2.7174,-73.2955,0
 -8.7008,-53.9325,0
-38.1296,-64.2313,0
  4.5974,-68.0583,0
-37.3399,-64.8532,0
-26.9286,-51.6938,0
-35.4557,-66.7380,0
 23.3250,-85.2337,0
 -1.1292,-74.0104,0
 29.0709,-89.7156,0
-16.3266,-70.2003,0
-10.7418,-55.5912,0
  7.9941,-62.9487,0
-10.4659,-47.7224,0
 28.5328,-90.2099,0
-28.4195,-54.8590,0
 -6.9806,-48.9388,0
-27.8478,-52.9272,0
  7.1681,-61.5300,0
-37.6876,-64.4068,0
-34.8018,-67.6533,0
 -1.1429,-74.0056,0
-35.5562,-68.0385,0
-27.1130,-51.5425,0
-26.5148,-56.8578,0
-28.9173,-51.0529,0
-27.2590,-56.2210,0
-35.3351,-67.8676,0
-23.8958,-50.5419,0
-13.0329,-42.4604,0
 -8.3709,-55.7478,0
-36.1733,-67.7723,0
-14.6311,-72.8685,0
-10.6885,-47.6570,0
 -8.9345,-56.5491,0
-37.4988,-64.6334,0
-12.0999,-54.9582,0
 24.1527,-93.6168,3
 -1.9854,-49.1280,0
 25.0379,-95.4591,0
-13.9468,-70.9983,0
-38.1040,-64.4156,0
 -9.4735,-48.1030,0
-35.5373,-66.6845,0
-15.0569,-59.6164,0
 -8.6549,-53.8700,0
-24.0881,-55.4724,0
-14.4026,-73.6734,0
-27.3557,-56.5895,0
-27.4728,-56.3841,0
 -3.8847,-49.4289,0
-16.8054,-69.7314,0
-21.1992,-64.7519,0
 -9.5481,-56.4601,0
-12.0585,-45.6139,0
-36.7337,-64.6467,0
-14.5571,-73.6674,0
-38.1771,-64.1221,0
-26.9632,-53.8593,0
-20.8302,-44.0360,0
-17.0817,-57.1894,0
-13.8711,-70.7427,0
-34.9393,-67.5431,0
 -9.3904,-54.6504,0
 -9.7914,-58.6621,0
 -8.2922,-55.7425,0
-21.3581,-45.5353,0
-11.4199,-59.2425,0
 29.4410,-49.1715,0
-15.7070,-59.0175,0
 24.1369,-93.5717,0
-21.5686,-44.3519,0
-13.4105,-42.9575,0
 -9.0794,-54.5118,0
-35.5381,-67.1523,0
-22.3710,-44.3624,0
 25.5670,-92.1830,0
-10.4810,-47.4448,0
-28.0353,-49.6145,0
-36.7281,-64.8563,0
-16.3305,-70.1010,0
-18.0501,-44.8659,0
-27.2569,-55.9266,0
-27.4366,-56.4455,0
-29.2894,-50.4580,0
-11.0443,-55.8829,0
-13.2733,-42.1780,0
-35.3181,-66.9845,0
 -2.7492,-47.6376,0
 -8.7114,-53.9305,0
-13.0681,-42.3891,0
-34.3289,-67.8692,0
-15.6886,-54.8904,0
-38.6071,-64.0592,0
-27.2173,-51.8817,0
-34.5588,-67.9644,0
-35.5379,-66.6343,0
 -2.3683,-49.2115,0
-26.6800,-52.0235,0
 -8.3327,-55.6968,0
 25.0786,-94.8205,0
-35.1196,-67.6215,0
-26.3044,-57.3494,0
-26.8274,-50.7183,0
 -6.8778,-54.7631,0
-41.2806,-66.7611,0
-10.4755,-47.4376,0
-26.9895,-51.5730,0
-25.1688,-59.8011,0
-10.9033,-61.3885,0
 25.4745,-84.5565,3
-34.3992,-67.8750,0
 25.3368,-92.2976,0
-14.4790,-73.5169,0
-10.1915,-60.9176,0
-21.6874,-43.8706,0
 -3.1394,-45.9992,0
 27.6727,-89.5732,0
 -8.4813,-59.7856,0
 -9.0345,-62.0259,0
 -1.2849,-72.9830,0
-17.8342,-60.4701,0
 -8.6411,-53.9336,0
-34.0775,-68.3634,0
-35.1987,-67.6970,0
-35.1211,-67.5206,0
-10.4594,-53.4209,0
-26.2744,-57.0485,0
 25.4793,-84.5906,0
 -4.0178,-45.2565,0
 -2.6526,-47.9721,0
-37.5903,-64.5649,0
-22.4755,-44.4125,0
 -6.9290,-55.1342,0
-27.3006,-55.8784,0
 -9.0480,-54.4799,0
-29.3609,-50.7882,0
-28.5853,-51.2895,0
 -2.6467,-49.7118,0
-29.0199,-50.4906,0
-10.0796,-56.3551,0
 25.0929,-95.3566,0
-18.9960,-65.8384,0
-36.5054,-64.6280,0
-14.9312,-72.2438,0
-14.0356,-69.9627,0
-41.3561,-66.8864,0
-21.6607,-44.5313,0
-26.2042,-57.4161,0
 -8.6449,-54.0144,0
 -9.4004,-54.7578,0
-13.4076,-43.0631,0
 -9.4715,-53.8594,0
-14.0631,-74.0764,0
-17.0793,-57.1786,0
-16.9553,-69.3734,0
 25.5970,-84.4358,0
-17.8759,-68.7928,0
-23.3329,-54.3261,0
-10.0051,-47.7081,0
 25.3924,-94.8092,0
 -9.3272,-54.7876,0
-16.3273,-69.8770,0
 25.5675,-92.1901,0
-27.4969,-56.4690,0
-15.8077,-59.0001,0
 25.7215,-84.3309,0
-34.0808,-68.0900,0
-38.4464,-64.0755,0
-35.4035,-66.7291,0
-17.0285,-69.3904,0
 25.3488,-84.6115,0
-10.4619,-47.7048,0
-14.0744,-56.1408,0
 -2.3976,-49.3583,0
 25.5831,-84.4719,0
-16.4803,-69.8123,0
-22.4244,-44.2798,0
-27.7824,-52.9985,0
-35.8767,-67.3158,0
-10.5612,-56.6309,0
-17.0091,-57.1755,0
-21.7890,-44.5343,0
-15.5608,-71.0060,0
-41.3735,-65.9054,0
-35.0416,-67.7170,0
-21.4003,-44.3785,0
-27.0788,-56.1107,0
-14.9484,-59.5943,0
-29.1829,-50.4928,0
-34.3726,-67.8775,0
 -8.6840,-53.8615,0
-35.6570,-66.0371,0
-21.2718,-45.5366,0
-20.6660,-43.9960,0
-23.3311,-46.5031,0
-10.0461,-58.7898,0
-37.4088,-64.8027,0
 -9.4417,-56.3988,0
 -9.3606,-53.8824,0
-12.1049,-54.9485,0
-40.6768,-63.5907,0
 -8.2635,-51.2098,0
-14.8136,-56.1065,0
-40.5389,-64.1832,0
-22.4185,-44.4320,0
-21.9972,-43.9508,0
 -9.3448,-61.8680,0
-16.9364,-69.5897,0
-35.3509,-68.3283,0
-15.8857,-70.8788,0
-28.5691,-52.5544,0
-26.2253,-59.0206,0
-29.3279,-51.0352,0
 -2.9330,-49.8825,0
 25.5653,-92.1665,0
-10.5760,-56.5631,0
 36.7788,-40.9366,0
-35.6822,-67.7432,0
-25.8153,-59.6107,0
-29.1975,-50.3885,0
 -2.4408,-49.6140,0
-27.8602,-52.9639,0
 -6.7123,-54.3046,0
-19.0504,-65.4722,0
 -0.2820,-76.8638,0
-17.0747,-57.1361,0
-40.5692,-63.5092,0
-26.6719,-57.9849,0
 28.3421,-90.3415,0
-14.3910,-59.7654,0
-11.2247,-59.0330,0
-14.9691,-57.2276,0
 24.4639,-95.6292,0
-21.6615,-43.9636,0
-27.7142,-54.3975,0
 -8.6299,-53.9441,0
-28.7821,-51.4396,0
 -3.8489,-49.6032,0
-29.3529,-50.8301,0
-34.1559,-68.3942,0
-10.4721,-47.4145,0
-28.0498,-49.5486,0
-17.0416,-57.2107,0
-25.8962,-59.6058,0
-10.6018,-56.4445,0
-15.5143,-59.3237,0
-27.2729,-56.2777,0
 25.4914,-84.5083,0
-38.1276,-64.3012,0
 27.0017,-89.8758,0
 -8.3513,-55.7581,0
-10.4656,-47.7221,0
-21.4652,-44.4461,0
-10.3485,-49.1385,0
-10.5423,-47.4279,0
-25.1854,-59.7122,0
 23.3736,-85.2347,0
 -3.8106,-49.4975,0
-34.3990,-67.9199,0
 -6.9561,-48.9258,0
-35.1956,-67.7006,0
 25.5305,-84.5355,0
 -8.9759,-54.4305,0
 -6.8708,-54.5966,0
-27.4356,-56.4818,0
-27.9729,-54.2401,0
-36.6608,-64.4834,0
  4.8877,-68.2741,0
-35.2435,-67.2785,0
-22.4223,-44.3439,0
-11.0199,-56.2544,0
-27.2307,-56.1595,0
-13.0483,-42.4244,0
-35.0425,-67.4366,0
-21.6006,-44.0543,0
-10.5057,-56.5471,3
-21.7227,-44.4809,0
 -8.3458,-55.6992,0
-13.4107,-42.9488,0
-25.2673,-59.7852,0
-35.5227,-66.6118,0
 25.4269,-95.1596,0
-38.1674,-64.2239,0
 -8.6919,-53.9283,0
-35.5900,-68.1675,0
-16.5852,-59.6036,0
-14.3400,-69.8094,0
-21.4305,-45.5772,0
 25.0794,-94.8573,0
-10.4252,-56.5997,0
 -7.8184,-62.0650,0
-17.0094,-57.1668,0
  0.9414,-37.5035,0
-15.7654,-58.9524,0
-29.1109,-50.4040,0
-29.3599,-50.7336,0
-35.6212,-67.8354,0
-28.9522,-50.9703,0
-37.9435,-64.3876,0
-26.5099,-56.8610,0
-21.9425,-44.5980,0
-35.1210,-67.5240,0
-12.1043,-54.9875,0
-27.6584,-50.0672,0
-26.2769,-59.4268,0
 -9.1947,-54.5394,0
-11.0620,-56.1727,0
 -6.9273,-55.2116,0
-11.8372,-75.4800,0
-35.5360,-66.7270,0
-34.2496,-67.9652,0
-22.4131,-44.2593,0
-27.6571,-54.3628,0
 -7.7158,-55.4539,0
-35.4191,-67.1790,0
 25.5261,-93.5285,0
 25.5040,-84.5313,3
-10.4593,-53.4082,0
-17.9572,-67.4519,0
-28.7118,-51.4183,0
 -9.4961,-53.9088,0
-11.5856,-58.1716,0
-13.9392,-56.2594,0
 25.1012,-95.3064,0
-41.3042,-65.7808,0
-12.6869,-53.1686,0
 38.8376,-46.0641,0
-38.6747,-64.0326,0
-10.5254,-47.4352,0
 -9.1033,-54.5811,0
-10.3611,-56.6560,0
 25.4029,-84.6189,0
-27.2563,-55.9796,0
-23.9640,-51.5447,0
-35.4577,-68.0868,0
-35.1161,-67.8333,0
-16.2483,-70.2612,0
 -9.5374,-53.9192,0
 -7.6868,-55.1911,0
-25.2487,-59.7875,0
-27.9437,-52.9406,0
-25.8171,-59.5908,0
-11.8615,-58.0948,0
-17.0293,-69.4540,0
-16.6090,-68.5226,0
-20.9657,-44.3661,0
-21.6075,-44.4162,0
-17.0075,-57.2372,0
-21.4316,-45.6937,0
-26.3519,-57.0790,0
-13.1137,-42.2960,0
-38.5885,-64.0595,0
-16.2627,-70.1421,0
-10.4692,-47.7148,0
-28.6193,-52.1294,0
 -9.0406,-54.4473,0
 27.6720,-89.5744,0
-22.4216,-44.3353,0
-23.3428,-46.4117,0
-10.0078,-47.7760,0
 -2.5802,-47.9420,0
-29.4220,-50.7964,0
-27.3658,-56.2210,0
 -2.8153,-47.6100,0
 -9.4856,-48.0056,0
-14.9958,-59.5982,0
-10.6193,-47.5765,0
 -4.0169,-45.2554,0
-34.0782,-68.2223,0
 -8.6674,-53.7930,0
-15.6542,-54.8945,0
-13.3358,-42.2348,0
-35.7181,-66.7969,0
 -2.4609,-48.5421,0
-16.9498,-57.1923,0
-35.1283,-67.6207,0
-38.3770,-64.0857,0
-37.4556,-64.6896,0
-21.4040,-44.3867,0
-10.4590,-53.3902,0
-36.3963,-64.7265,0
-26.2612,-59.1476,0
-14.2873,-72.2073,0
-29.2226,-50.3794,0
-22.4176,-44.4312,0
 -6.8565,-54.7690,0
-10.3997,-47.4798,0
-15.8026,-70.7292,0
 -8.3803,-55.6851,0
-35.7682,-67.3517,0
-27.4343,-56.4811,0
-35.6514,-68.0801,0
-41.3768,-65.9771,0
-16.0618,-58.8018,0
-27.2763,-53.8562,0
-20.0885,-58.5398,0
 -9.3313,-54.6794,0
-27.2889,-55.8494,0
-21.1860,-44.3288,0
 -3.8498,-49.4808,0
 25.3420,-84.5362,0
-35.3521,-68.1420,0
-16.2478,-70.2069,0
-26.5137,-56.7601,0
-27.0610,-55.4613,0
-14.9463,-59.6716,0
-16.0661,-58.8195,0
-10.6577,-55.6298,0
-21.3545,-45.5124,0
 25.5682,-92.1807,0
