-28.6111,-58.6400,0
-22.6733,-49.1169,0
-28.5337,-63.2993,0
-12.5477,-59.1573,0
-28.2791,-59.7649,0
-28.3045,-58.6965,0
-14.5748,-56.8952,0
-23.3401,-63.9103,0
 -9.6627,-63.7682,0
-25.4415,-65.1074,0
-53.4540,-53.5173,0
-25.7818,-48.0550,0
-28.5962,-59.4351,0
-28.7646,-62.0671,0
-20.2909,-50.3886,0
-27.7486,-62.0556,0
-11.0986,-61.4360,0
-26.0988,-52.4637,0
-28.1019,-60.1617,0
-28.4934,-63.3550,0
-27.2653,-67.7537,0
-20.4391,-48.2341,0
  4.4433,-22.8892,0
-25.8024,-47.9170,0
-22.5491,-47.0555,0
-27.6315,-64.8051,0
-28.4143,-58.6768,0
-28.1121,-60.0678,0
-28.7082,-59.3342,0
-29.7950,-66.5200,0
-28.2630,-59.7342,0
-12.7414,-59.0501,0
-28.4510,-59.4668,0
-23.7919,-46.0087,0
-28.6275,-61.9279,0
-25.8393,-47.8191,0
-28.6288,-65.9810,0
-28.3540,-59.6895,0
-23.8687,-45.6959,0
-28.4677,-63.0718,0
 -6.7386,-39.1125,0
-29.2199,-59.4179,0
-28.1269,-60.1738,0
-14.7426,-56.7617,0
-27.5958,-67.0850,0
-29.2223,-59.3277,0
-20.4026,-48.0674,0
 -5.3936,-44.4341,0
-28.8148,-48.4065,0
-28.4375,-63.2489,0
-25.4833,-64.7748,0
-29.2590,-65.7114,0
-27.3009,-67.6920,0
-25.7050,-48.0432,0
-11.2826,-61.3357,0
-29.5864,-63.1012,3
-20.3401,-50.4225,0
-28.4755,-63.3129,0
-28.2989,-59.6853,0
-23.6273,-46.0404,0
-30.0328,-65.1780,0
-28.3019,-58.7500,0
-25.7298,-47.8508,0
 -6.5622,-43.3803,0
-28.4671,-63.7895,0
-28.8502,-59.3702,0
  4.4773,-25.2369,0
-25.8758,-47.8445,0
-23.7098,-45.9343,0
-28.7570,-59.4009,0
  3.2574,-33.3562,3
-28.1448,-60.1485,0
-29.8207,-63.0325,0
-27.2889,-67.8177,0
-21.9668,-65.6355,0
-23.7334,-65.1358,0
  3.2396,-33.3325,0
 -5.5983,-44.3874,0
-28.4175,-59.4893,0
-28.3692,-59.7742,0
 -7.8654,-50.3252,0
-28.8024,-58.3295,0
-20.2940,-48.0584,0
-28.4022,-63.2295,0
-25.8041,-47.8686,0
-11.6724,-59.4210,0
-28.0107,-62.1800,0
-20.4359,-48.2982,0
 -9.8860,-63.4765,0
-28.2180,-59.6032,0
-27.5559,-61.7224,0
-28.7010,-62.7111,0
-27.3736,-67.8311,0
-28.2657,-60.1424,0
-28.4303,-59.8121,0
-14.5871,-56.8716,0
-28.5086,-63.2521,0
-28.6752,-58.5644,3
-20.3567,-48.0729,0
-14.2895,-62.7063,0
-28.2014,-59.7831,0
-25.6486,-65.0537,0
-26.9230,-65.4883,0
-29.9402,-65.1207,0
-28.9424,-58.4819,0
-14.5543,-56.9022,0
 -6.3987,-43.3207,0
-25.8076,-48.1184,0
-27.6556,-56.5833,0
-25.9740,-52.3920,0
-23.6786,-45.9268,0
-25.7930,-47.8644,0
-28.5952,-59.3560,0
-27.2533,-67.7448,0
-27.9311,-62.1870,0
-27.6417,-64.7767,0
-14.9634,-68.6518,0
 -5.3083,-44.8122,0
-20.3528,-48.3177,0
 -6.4894,-41.7712,0
-28.1099,-60.1357,0
-27.7791,-66.5963,0
-23.5174,-46.0550,0
-28.4796,-63.2934,0
-21.5177,-66.1033,0
-28.0298,-60.2548,0
-28.4128,-58.6439,0
-28.3005,-59.6662,0
-28.8321,-59.3938,0
-24.8712,-64.9376,0
-28.5033,-63.3786,0
-20.3387,-50.3792,0
 -9.5620,-75.2983,0
-29.6203,-66.2889,0
-30.4837,-60.6978,0
  4.1546,-26.9928,0
-25.3965,-65.0237,0
 -6.6634,-41.5852,0
-27.4872,-67.0512,0
-14.6063,-56.8676,0
-29.6058,-67.4396,0
-25.7201,-47.7574,0
-20.2911,-50.3910,0
-25.5667,-48.3380,3
-28.7791,-62.8895,0
-28.1084,-60.2415,0
-28.8277,-59.5478,0
-28.4212,-59.7112,0
-23.4146,-63.9707,0
-27.6310,-64.7899,0
-29.5711,-65.8981,0
-28.4558,-63.2459,0
-27.7724,-59.8897,0
-25.7112,-48.2230,0
-25.8303,-47.9300,0
-28.5159,-59.4601,0
-28.7773,-63.5188,0
-28.1631,-60.1530,0
-28.6541,-63.7391,0
-28.6688,-63.5442,0
-28.4590,-58.6725,0
-27.3634,-67.8823,0
-25.4723,-48.5919,0
-28.7506,-59.3769,0
 -6.8794,-56.1378,0
-20.2976,-48.0569,0
-28.5813,-60.1306,0
  4.2742,-25.7819,0
-30.0042,-65.1993,0
-27.2810,-67.7880,0
-28.9093,-60.0718,3
-28.4673,-63.2647,0
 -6.6412,-41.3293,0
-28.3825,-59.4517,0
-14.3974,-56.9320,0
-23.3740,-49.1737,0
-28.3324,-61.9625,0
-29.1593,-60.4460,3
-28.7147,-58.5577,0
 -4.4903,-59.8683,0
-28.2764,-59.7206,0
-29.3697,-60.2000,3
-29.5672,-60.1689,3
-29.2041,-60.1595,3
-28.4920,-63.3277,0
-28.7036,-60.5382,0
-29.6574,-59.8172,3
-27.9370,-63.2432,0
-30.0140,-57.0535,0
-29.7761,-59.7470,3
-23.6916,-45.8386,0
-29.7003,-60.1512,3
 -6.9119,-56.1387,0
-29.1276,-59.9719,0
-29.7981,-59.8935,3
-14.8840,-55.9437,0
-25.8029,-47.8984,0
 -5.4368,-44.5085,0
-21.9359,-65.2387,0
-30.0079,-59.5785,3
-20.8942,-65.2555,0
-28.8705,-59.4462,0
-28.3548,-59.6677,0
-30.1147,-59.5925,3
 -9.9157,-63.4469,0
-29.6220,-60.7628,3
-14.8073,-68.7004,0
-29.2110,-65.2748,0
 -6.8839,-52.2248,0
  2.4231,-77.8068,0
-28.2910,-58.7198,0
-30.2751,-59.4387,3
  4.8365,-40.4763,0
-28.0734,-62.1000,0
-29.6723,-60.7892,3
-30.2433,-59.5026,3
-14.5517,-56.7408,3
-27.2812,-67.8201,0
