 -7.9514,-54.2986,0
-23.0299,-53.9155,0
-40.5748,-64.3837,0
 25.4907,-92.4266,0
-27.0906,-56.0281,0
 -7.9552,-53.9216,0
 -8.7847,-56.3787,0
-15.5865,-59.1333,0
-10.3988,-61.0186,0
-21.6416,-44.3749,0
-10.2850,-49.4729,0
-10.8424,-56.2848,0
-17.2116,-59.3042,0
 24.0145,-93.7804,0
 -9.4488,-56.3116,0
 -5.2004,-62.6463,0
-26.0101,-57.5719,0
-15.7785,-59.9265,0
 -8.4541,-59.5474,0
-10.6266,-55.4630,0
 -9.9377,-47.5013,0
-26.8802,-56.2017,0
 -8.1523,-60.3864,0
 -7.7451,-55.3155,0
-13.5424,-75.2117,0
 -3.7740,-49.1777,0
-14.3450,-72.2418,0
 -8.6182,-53.7828,0
 -8.8495,-56.4912,0
-35.1127,-67.9084,0
-38.1640,-64.5409,0
 25.3063,-84.8463,0
 -8.4347,-55.0089,0
-16.0934,-53.9869,0
-28.8608,-51.6082,0
-13.2409,-42.1847,0
-34.5484,-68.3625,0
-37.5364,-64.7635,0
-36.7274,-64.7632,0
-29.2889,-51.2424,0
-34.3001,-68.5112,0
-35.4339,-67.9519,0
-10.2397,-56.4945,0
  5.3738,-75.8368,0
-21.9512,-42.4694,0
 25.5741,-94.5658,0
-21.5621,-44.3210,0
 -8.2484,-50.9841,0
 -3.8443,-50.1220,0
-25.6514,-59.6398,0
 -7.9606,-55.9324,0
 -8.7390,-53.7877,0
 -7.9223,-52.4895,0
-21.3334,-44.3246,0
-27.2871,-55.0597,0
-15.7269,-59.0851,0
  7.1791,-61.6977,0
-17.1989,-58.1178,0
-11.6385,-55.6477,0
 25.1155,-95.2032,0
-17.8708,-67.6130,0
 -9.4346,-53.6220,0
-26.1404,-59.3198,0
-13.3470,-42.2940,0
-27.2218,-56.5298,0
 -0.9425,-72.8855,0
 25.4752,-92.4206,0
-37.9604,-64.6551,0
-26.6785,-56.3702,0
 -8.9721,-54.4099,0
-37.3052,-65.0125,0
 23.7094,-94.1667,0
-10.3622,-49.3831,0
 -9.5689,-53.6012,0
 27.4194,-89.8086,0
-10.7256,-56.2126,0
-21.7549,-44.4558,0
 24.8775,-95.4159,0
 -7.6678,-54.8961,0
-10.6205,-62.0917,0
-37.7283,-64.5243,0
-10.0369,-56.3096,0
 -6.8817,-54.5512,0
-21.2879,-45.5815,0
-25.0774,-59.8175,0
-17.1038,-69.4699,0
 -8.8341,-56.4042,0
 25.2806,-84.9797,3
-19.9688,-58.6532,0
-14.8457,-56.0071,0
-22.4178,-44.4233,0
-27.1212,-56.6942,0
-29.3643,-50.7929,0
-28.4109,-51.5878,0
-18.1604,-68.1384,0
 25.1691,-85.0732,0
-11.5500,-58.0222,0
-27.2023,-56.5339,0
-26.8491,-51.6920,0
-29.2560,-51.2243,0
-14.4498,-59.6593,0
  7.2802,-61.3827,0
-35.5800,-67.2847,0
-13.1114,-42.1875,0
-11.6489,-49.8354,0
 25.4935,-92.4320,0
  4.8746,-67.9844,0
 28.3607,-90.3132,0
 -9.3226,-54.2759,0
 -8.5801,-53.7960,0
-14.0329,-58.9462,0
-10.6977,-56.3703,0
 25.0097,-95.5124,0
-26.7989,-56.0488,0
 -9.6582,-53.5582,0
  4.8169,-68.3490,0
 25.3280,-84.9273,0
-22.1102,-42.3242,0
-37.3322,-64.8684,0
-13.2820,-42.1781,0
 -8.9324,-56.5092,0
-10.7059,-47.7034,0
-10.3611,-49.4817,0
 -9.1686,-54.4434,0
 -2.9236,-49.7257,0
-14.6357,-55.4979,0
 25.0207,-95.4704,0
-24.0765,-50.7470,0
 -9.4083,-61.5676,0
 -8.2702,-56.0089,0
-28.9668,-51.3554,0
 -9.3988,-48.1028,0
 -1.9168,-49.1995,0
-25.9796,-51.4313,0
 -8.4542,-59.6057,0
 -8.8029,-53.8010,0
-21.6232,-44.3249,0
-23.0046,-53.9301,0
-11.7611,-58.0713,0
 -9.5427,-53.5139,0
-26.0194,-57.1251,0
 -3.6987,-49.5720,0
-12.0995,-54.9299,0
 -9.7800,-61.8475,0
 -8.9444,-54.4120,0
 27.7327,-91.0652,0
 -8.2347,-51.1277,0
 -9.3021,-54.3447,0
-13.9879,-70.7113,0
 -8.5796,-62.2920,0
-38.1997,-64.4726,0
-14.2523,-54.7900,0
 25.3046,-84.7711,0
-26.9038,-56.3208,0
-11.5734,-55.7625,0
-34.4704,-68.3275,0
-27.2192,-55.9890,0
-28.0030,-50.1337,0
-38.4399,-64.2769,0
-25.7058,-59.5892,0
-26.9980,-50.3727,0
 24.2534,-93.6907,0
 -8.4449,-55.0164,0
-27.1301,-56.6120,0
-29.3352,-51.2283,0
  0.1570,-73.1178,0
 -9.6309,-58.4377,0
-21.3558,-45.6284,0
-35.5402,-67.3457,0
 -9.3182,-54.4645,0
-22.0135,-42.3907,0
 25.4970,-92.4337,0
-13.0443,-42.1389,0
-37.5716,-64.7208,0
-37.7895,-64.8021,0
-37.5384,-65.1774,0
-26.6768,-56.2846,0
 -1.9224,-49.0381,0
-22.2325,-44.4358,0
-14.4467,-55.3441,0
-10.9566,-56.1706,0
-27.0626,-56.1130,0
-27.6728,-50.1798,0
 -8.6518,-53.7393,0
-27.1053,-52.1458,0
-26.6246,-51.9945,0
 25.0937,-95.2291,0
  0.3981,-65.9008,0
 -9.1854,-54.4361,0
-14.8121,-69.4781,0
 -9.6226,-59.6811,0
  2.3423,-34.7141,0
 -3.1346,-49.6959,0
 23.2235,-92.5242,0
-34.6628,-68.3248,0
-21.2767,-45.5597,0
-26.6986,-58.1791,0
 -3.2114,-45.9410,0
-10.7210,-55.6321,0
-11.3872,-57.9733,0
-34.3082,-68.6168,0
-14.9450,-59.7056,0
 24.9799,-95.4476,0
 -9.3495,-56.3288,0
-36.6495,-64.8713,0
 -9.4370,-53.6793,0
-29.2413,-51.2738,0
-13.0356,-59.0791,0
 -8.9367,-56.4507,0
-14.1121,-69.9929,0
 25.4756,-92.4243,0
-17.1447,-68.2660,0
-14.8033,-69.4461,0
-13.2718,-42.1801,0
-22.2658,-44.2928,0
 -3.7257,-49.4105,0
-21.8785,-44.5004,0
-17.9789,-68.1680,0
 -7.9301,-55.9867,0
-29.2579,-50.4835,0
-19.1723,-56.6250,0
 -7.8191,-54.9307,0
-27.2790,-56.5175,0
 -8.6296,-54.0452,0
-22.4951,-44.4461,0
 -8.3980,-59.5723,0
 -1.1413,-73.8551,0
-37.4914,-64.8308,0
 -9.3238,-54.4560,0
-15.7424,-54.8584,0
-41.6587,-68.0120,0
-19.9314,-58.5787,0
-10.7247,-56.2928,0
 -8.2428,-51.0308,0
-35.6130,-66.8138,0
 -2.8889,-47.5562,0
-11.5408,-61.5343,0
 -9.9598,-47.4752,0
-10.3437,-49.3848,0
-27.2333,-54.5795,0
-21.5697,-44.2910,0
-17.2875,-58.1378,0
-27.9450,-49.2512,0
 -8.4243,-55.0176,0
 -8.1639,-54.7119,0
 -8.5734,-53.7476,0
-14.8412,-56.0509,0
 -8.5817,-59.6697,0
-35.0519,-68.0008,0
 -9.6574,-58.4857,0
 -3.0069,-52.4917,0
-27.1555,-56.0928,0
 -8.8163,-56.3844,0
 25.2836,-84.8313,0
-41.4469,-67.0990,0
-11.5571,-49.7808,0
 25.0227,-95.5079,0
 -9.5539,-53.6142,0
-27.8746,-52.9311,0
 25.5046,-92.4851,0
 -6.9795,-48.8038,0
-29.3341,-51.2283,0
 25.4565,-84.7067,0
-27.1250,-56.5433,0
-28.8163,-51.3825,0
-34.1535,-68.3222,0
-26.1072,-57.5380,0
-23.9786,-50.7557,0
-28.4616,-52.8727,0
-26.9953,-56.0255,0
 -1.8602,-49.1459,0
-23.0280,-53.9656,0
-26.6282,-58.1842,0
-35.5185,-68.2212,0
-19.3567,-43.6713,0
 -8.1635,-54.0859,0
-14.2651,-59.7442,0
 27.5602,-91.1210,0
-12.0231,-54.9157,0
 -6.2382,-48.0384,0
-34.5250,-68.3269,0
-17.0252,-69.4887,0
-11.0325,-55.7101,0
 38.5932,-48.4295,0
 -2.4457,-47.4185,0
-37.9599,-64.6549,0
-41.2222,-65.9657,0
-10.0228,-47.6827,0
 -9.1680,-54.4176,0
-12.0060,-45.7835,0
 -9.5514,-47.9233,0
-13.2212,-42.1937,0
 -3.7692,-50.2830,0
 -8.8377,-56.5061,0
-22.0350,-44.0019,0
-40.4636,-63.9868,0
-35.2070,-67.8488,0
-22.1092,-42.3241,0
-14.3246,-50.6549,0
-10.5744,-56.4987,0
-14.4636,-55.3759,0
-40.9536,-63.6014,0
-27.1096,-56.6427,0
 25.0957,-95.2699,0
 27.9798,-90.8683,3
-10.3506,-49.4611,0
 24.0210,-93.7621,3
-21.8020,-44.1034,0
-15.5103,-59.1982,0
 -9.4099,-48.1101,0
 -8.7310,-53.8141,0
-26.8970,-56.2453,0
-11.8362,-58.0393,0
-11.5338,-58.0598,0
 28.0371,-90.8127,0
-13.9482,-59.5259,0
-10.5037,-71.4744,0
-14.1844,-54.8416,0
 25.4561,-92.4179,0
 23.9851,-93.7385,0
-10.9500,-56.1960,0
-12.0265,-54.9578,0
-13.3469,-42.2809,0
-37.5683,-64.8178,0
-22.3009,-44.3639,0
 -8.5342,-54.6722,0
-21.5601,-44.3655,0
-10.1582,-47.7980,0
 -2.5931,-47.8029,0
-36.4225,-64.8407,0
 -1.0355,-52.5159,0
 -8.4590,-55.0135,0
-14.1069,-50.8546,0
-35.4642,-66.4581,0
-10.6923,-47.6982,0
-27.1380,-56.0087,0
-34.4697,-68.2965,0
-14.7948,-56.0269,0
-16.7524,-58.2814,0
 -8.5867,-62.3316,0
 -2.8434,-49.6827,0
 25.3132,-84.7874,0
-23.8786,-50.6021,0
-17.1517,-58.0692,0
-29.1251,-50.9930,0
 25.0011,-95.4873,0
 -9.5263,-56.3289,0
 -3.4293,-65.1338,0
-26.0359,-57.1157,0
-10.6610,-56.3553,0
-13.1131,-42.2127,0
 -1.1827,-52.3635,0
-35.1102,-68.0783,0
-14.7492,-68.5756,0
-14.7748,-72.8286,0
 -8.6167,-53.6456,0
-25.6644,-59.6407,0
-16.9473,-69.5534,0
-26.7325,-51.9055,0
 -3.9252,-49.1464,0
-14.9873,-72.3433,0
-26.3532,-56.9748,0
-14.4672,-55.4105,0
-35.3256,-67.4653,0
-21.3516,-45.5793,0
 -9.0032,-56.2374,0
 25.4966,-92.4324,0
-15.4475,-59.3072,0
 26.9192,-89.9191,0
 24.6877,-95.5326,0
-23.0297,-53.9153,0
 -8.8499,-56.4332,0
-27.2018,-56.5324,0
-16.1590,-53.9690,0
-26.7907,-50.9153,0
 -9.5519,-58.2937,0
-13.1170,-42.1194,0
 -8.5758,-53.8080,0
 -8.2312,-50.9895,0
 -9.0986,-54.4065,0
 -0.9422,-73.8564,0
 -2.5905,-48.0213,0
-10.1511,-58.7173,0
-27.0015,-56.2004,0
 -9.6651,-59.8062,0
 -7.7663,-57.7213,0
 -9.4821,-53.5757,0
-26.9175,-51.7050,0
-21.6381,-44.3302,0
-27.6478,-53.2624,0
 -8.4056,-55.6048,0
 -3.7511,-49.2349,0
-28.9343,-51.3651,0
-41.3268,-67.2185,0
 -8.2429,-51.0429,0
 -7.7071,-62.7968,0
 -8.1517,-54.6882,0
-26.0668,-59.1371,0
-22.5679,-42.6429,0
-29.2951,-51.2399,0
 24.8591,-95.3983,0
 25.0211,-95.4658,0
-11.6493,-49.8136,0
 -8.0683,-56.7793,0
-21.2697,-45.5527,0
  5.6006,-67.3151,0
 24.8408,-85.3801,0
 23.2712,-86.1299,0
-21.2692,-53.2022,0
-20.5561,-43.9779,0
-26.9016,-53.9995,0
-25.6339,-59.6423,0
-13.2798,-42.9120,0
 -9.4880,-54.6792,0
 -9.9418,-58.6670,0
-14.4966,-55.3551,0
 25.4957,-92.4334,0
-26.8881,-56.1739,0
 25.0550,-95.3327,0
-27.1208,-56.6909,0
-34.4697,-68.3269,0
-22.9161,-53.8865,0
-27.0054,-52.2547,0
-11.5499,-55.7277,0
 -8.7791,-56.3878,0
 -9.1640,-54.4105,0
-17.2989,-66.9895,0
-13.1167,-42.1305,0
 -8.4491,-55.0116,0
 -8.7724,-53.7850,0
-35.5288,-67.0102,0
 -7.9256,-55.7741,0
-10.6869,-56.2955,0
 -3.7869,-49.1078,0
-10.8846,-56.1979,0
-21.9497,-42.4914,0
-37.5449,-64.7027,0
-27.1243,-56.5723,0
 -7.9336,-52.4994,0
 -8.2419,-56.0363,0
-11.9103,-58.0065,0
-10.6583,-55.4910,0
-13.2718,-42.1691,0
-38.3100,-64.3664,0
-13.5138,-56.1777,0
-34.6430,-68.2326,0
-11.5339,-58.0690,0
 -9.5397,-53.6043,0
-35.3146,-67.6710,0
-11.8933,-60.9392,0
 -2.9469,-49.7183,0
 -9.0035,-54.4067,0
-15.8330,-58.7024,0
-41.7814,-65.5332,0
-27.0872,-56.0951,0
-11.3898,-58.2412,0
-21.3366,-44.2362,0
 -7.9642,-55.9398,0
-35.6074,-67.2767,0
-16.6907,-68.5782,0
-14.2131,-56.2647,0
-13.1930,-42.1943,0
-19.1593,-56.6504,0
 24.9757,-95.4723,0
-21.2682,-45.5898,0
-38.1491,-64.5205,0
-26.8292,-56.2459,0
-13.3295,-59.3781,0
-35.5242,-67.2900,0
 -7.7266,-55.0635,0
 -8.7656,-53.7359,0
-38.3902,-64.4426,0
-37.4115,-64.9396,0
-14.4748,-55.3337,0
-21.5622,-44.2545,0
-37.5693,-64.7831,0
 25.3159,-84.8479,0
-25.5666,-50.1857,0
 -3.7699,-50.1241,0
 24.2361,-93.7381,0
 25.4632,-92.4196,0
-17.9715,-68.2017,0
-11.5087,-49.8155,0
 25.0219,-95.4894,0
-10.3797,-49.1357,0
-17.2601,-58.1401,0
-21.6455,-43.9632,0
 -0.4525,-55.9506,0
-10.7252,-56.2115,0
-26.1046,-59.2087,0
 25.2014,-92.5491,0
-26.0265,-57.5678,0
 -9.8767,-55.9987,0
 -9.3956,-48.0930,0
-14.9088,-59.6525,0
-22.2665,-44.2638,0
 -7.9769,-54.2579,0
-17.3626,-66.4593,0
-26.6226,-58.1612,0
-29.3359,-51.1804,0
 25.1673,-95.1948,0
  2.3221,-77.8807,0
 28.3074,-90.3054,0
-22.1091,-42.3229,0
 23.5900,-85.9926,0
-27.0934,-56.0318,0
 -9.6676,-53.3355,0
-24.0750,-50.7650,0
-10.2904,-49.3905,0
 -8.8821,-56.4299,0
-27.0836,-56.7028,0
-15.3026,-59.2886,0
 25.3355,-84.7802,0
 -9.4404,-53.7157,0
-27.2882,-51.5727,0
-14.5313,-73.9233,0
 -2.9402,-49.7655,0
-13.2630,-42.2076,0
-28.4192,-52.7702,0
-18.0398,-68.1180,0
-35.1937,-67.8439,0
-29.2805,-51.1066,0
-21.6551,-44.1503,0
-10.7550,-56.2940,0
-21.1944,-53.1435,0
 25.4966,-92.4354,0
 -3.7725,-49.4879,0
 -8.3919,-59.8017,0
-25.5893,-59.5929,0
 -9.2271,-54.4417,0
-35.7443,-67.9095,0
-29.3564,-50.8303,0
-26.9197,-56.3220,0
 -7.7423,-55.3224,0
-14.4693,-55.3859,0
 -8.2901,-50.9787,0
-10.6925,-47.7055,0
-27.2019,-56.5325,0
-40.6253,-63.6561,0
-14.4836,-70.0896,0
 -9.5111,-53.5901,0
 -8.5026,-53.7584,0
-14.7023,-62.2829,0
  0.2637,-53.4223,0
-38.4390,-64.2868,0
-11.5723,-49.8182,0
 25.0005,-95.5176,0
-21.6674,-44.0670,0
-15.8581,-70.9563,0
 -2.5880,-49.2199,0
-22.0013,-42.4479,0
-28.9378,-51.4209,0
-36.8918,-64.8312,0
 25.0950,-95.2693,0
 27.7118,-91.0756,0
-16.9661,-56.9453,0
 -8.5862,-62.2755,0
