-35.9835,-64.7699,0
-22.3965,-66.2903,0
-35.9433,-63.8804,0
-37.8760,-62.5822,0
-33.6662,-67.0443,0
-36.7586,-63.3370,0
-36.5381,-63.5308,0
-36.3139,-64.4090,0
-35.6473,-64.8331,0
-36.2867,-64.6263,0
-37.0972,-63.0862,0
 -5.5478,-64.0401,0
 -8.7487,-63.4658,0
 24.2571,-94.4005,0
-34.8525,-65.0044,0
-36.1687,-64.2623,0
 23.6250,-94.5513,0
-36.2093,-64.7338,0
-37.0085,-63.2366,0
 -9.1783,-55.9902,0
-36.3894,-64.5188,0
-27.8593,-49.8766,0
 26.5212,-90.5171,0
 -9.9803,-48.7056,0
-35.8726,-63.7730,0
-35.0710,-64.9853,0
-36.4847,-63.3258,0
-28.6706,-49.0504,0
-36.0333,-64.7185,0
-19.2294,-67.0486,0
-37.5084,-62.5268,0
 24.7213,-93.5210,0
-36.0458,-64.0922,0
-36.3479,-64.5207,0
-18.4531,-67.3539,0
-33.5187,-67.7579,0
-35.0124,-65.0126,0
 -7.0688,-56.9200,0
-28.5047,-54.2572,0
-37.0039,-63.1546,0
-11.6046,-56.8882,0
-36.3868,-63.5575,0
-36.7729,-63.3532,0
 26.6056,-90.5721,0
-21.8599,-43.6353,0
-36.1467,-64.1726,0
-10.4872,-47.4796,0
 24.0800,-93.0466,3
-40.8719,-65.9348,0
-36.4382,-64.5884,0
-38.4343,-62.5776,0
-36.2195,-64.2559,0
-35.8544,-63.8465,0
-37.1119,-63.1010,0
 24.0547,-92.9940,0
-37.4016,-62.5899,0
-36.5903,-63.4423,0
-19.1478,-66.9458,0
-36.2785,-64.7009,0
-15.6454,-69.8546,0
 26.4992,-90.4481,0
-10.5380,-47.3832,0
-18.7783,-67.1312,0
-36.0026,-63.9114,0
-35.9879,-64.6887,0
-25.8064,-59.5217,0
-28.2450,-49.5639,0
-17.3934,-67.6335,0
-37.9721,-62.6401,0
-36.0555,-64.8915,0
-35.1113,-65.0911,0
-18.5830,-67.2273,0
 26.0718,-91.1010,0
 26.5231,-90.4989,0
-36.6333,-63.2936,0
 25.2316,-84.4878,0
-36.5314,-63.5214,0
-33.7278,-66.0212,0
 25.5607,-92.3339,3
-36.0731,-64.6675,0
-11.8165,-59.5700,0
-37.1780,-63.0240,0
 24.6219,-93.9234,0
 -1.2281,-75.3089,0
-35.9977,-64.1024,0
-36.2275,-64.2223,0
 24.9329,-93.9630,0
 23.8179,-94.0657,3
 25.5449,-92.3135,0
-34.8471,-64.9438,0
-36.3362,-64.5411,0
 24.5516,-93.5005,0
 -5.8218,-55.3222,0
-37.0031,-63.1546,0
 26.4278,-90.5552,3
-35.0248,-65.0104,0
-21.9180,-43.6576,0
-36.2780,-64.4364,0
 -1.5537,-76.0200,0
-36.7709,-63.2948,0
 26.5250,-90.3795,0
-35.9971,-63.7928,0
 -7.5160,-62.6614,0
-28.8959,-48.9341,0
-37.3515,-62.7018,3
 -6.9017,-56.3545,0
-39.6787,-63.1194,0
 24.7794,-93.5246,0
-37.0781,-63.2153,0
 23.6447,-94.5881,0
-25.8176,-59.5092,0
-36.4863,-63.4324,0
-28.9653,-54.5883,0
-35.8463,-63.7480,0
-37.1835,-62.9204,0
-14.5226,-70.8638,0
-36.2203,-64.6348,0
-38.5393,-62.5256,0
-35.1089,-64.9978,0
-28.5906,-49.5358,0
-18.7032,-67.1757,0
-11.9016,-59.4175,0
-37.2447,-63.0110,0
-10.5991,-48.0573,0
-36.4611,-63.4536,0
-36.2384,-64.0893,0
-35.5862,-64.9897,0
 26.4630,-90.4854,0
-37.5629,-62.8978,3
-37.8687,-62.4814,0
-35.7648,-63.7622,0
-36.6300,-63.3673,0
-37.0636,-63.1079,0
 23.9359,-93.4672,0
-35.0911,-65.0549,0
 24.2352,-92.8564,3
 24.2588,-94.4829,0
-36.2524,-64.5384,0
-39.7594,-63.2465,0
-34.8339,-64.9920,0
-36.0311,-64.0639,0
-33.7455,-67.7435,0
-28.3958,-48.2925,0
 28.8351,-88.1382,0
-10.0057,-48.7009,0
-36.5401,-63.4339,0
-15.7085,-69.7076,0
-35.9756,-64.4119,0
-37.1671,-62.7342,0
-36.0932,-64.9034,0
 25.3612,-92.7742,3
-36.1553,-64.1536,0
-36.7755,-63.2665,0
-25.7864,-59.9248,0
-35.9158,-63.8504,0
 24.2911,-92.8835,3
 26.5553,-90.5265,0
 23.6184,-94.5393,0
-14.4980,-71.0703,0
-20.8614,-43.9404,0
-17.3296,-67.5196,0
-28.5848,-54.2267,0
 28.6666,-88.2099,3
-36.3647,-64.5481,0
-27.9348,-48.3618,0
 24.2718,-92.8810,0
-35.0121,-65.0019,0
-36.2337,-64.1583,0
-37.0127,-63.2447,0
-18.2696,-67.5265,0
 25.3519,-92.7917,0
-21.8150,-43.6374,0
 28.2952,-88.1092,0
-40.7383,-67.8687,0
-35.8451,-63.8010,0
 24.1826,-94.5601,0
-12.5375,-55.7208,0
-33.5877,-67.1402,0
 -3.7319,-51.3469,0
-37.6696,-62.9319,0
-36.6244,-63.2917,0
 25.4286,-84.3408,0
-13.9534,-72.5196,0
-33.4342,-68.0703,0
-25.8217,-59.5448,0
-36.0847,-64.0059,0
-10.4777,-47.4762,0
-10.0341,-47.5576,0
 28.8200,-88.2453,0
-33.6535,-66.1464,0
-35.9405,-63.6679,0
 26.5132,-90.5370,0
-37.1123,-63.1097,0
-35.7000,-64.8061,0
-37.5576,-62.5182,0
-34.8534,-64.9434,0
-38.4105,-62.5836,0
 25.1447,-84.6029,0
-36.5546,-63.5127,0
-23.8862,-55.5546,0
 24.7413,-93.5317,0
-37.7069,-62.7249,0
-11.4899,-57.1985,0
-36.2974,-64.1812,0
-36.1386,-64.7736,0
-11.5428,-73.2776,0
-34.3689,-65.3506,0
-20.9710,-43.5448,0
-28.2118,-49.6169,0
-37.1596,-63.0281,0
-33.3123,-67.7927,0
-35.4944,-65.0260,0
 -2.6511,-74.3973,0
-35.0977,-64.9210,0
-36.2185,-64.6573,0
-11.4410,-73.1722,0
-28.5191,-54.2007,0
-15.9786,-69.5143,0
-36.2177,-64.1632,0
-35.9664,-63.8968,0
-17.3655,-67.4533,0
-36.9805,-63.1247,0
-37.8680,-62.5229,0
 24.0846,-93.8846,0
 25.7424,-91.4366,0
-19.2125,-67.0561,0
 26.5886,-90.5401,3
-36.5812,-63.3250,0
-35.8494,-63.6528,0
-11.5808,-57.0384,0
-36.6056,-68.0090,0
-36.7109,-64.2165,3
-39.7206,-63.0974,0
-36.3866,-63.5770,0
 26.3690,-92.1890,0
-34.0849,-67.7977,0
-36.8511,-64.0436,0
-28.8610,-54.5229,0
 23.6080,-94.5957,0
-36.3175,-64.5609,0
-25.8299,-59.5112,0
-18.1549,-67.5692,0
-35.0123,-65.0409,0
-35.9314,-63.6383,0
-36.5062,-63.4778,0
-11.8338,-76.0592,0
 26.5726,-90.5280,0
-28.8896,-54.5452,0
-36.3631,-64.2674,0
-18.7586,-67.0961,0
-35.9856,-64.8917,0
-28.0810,-48.3828,0
 24.1813,-94.5538,0
 23.9106,-93.5189,0
-34.8778,-64.9394,0
-36.6691,-63.1866,0
-38.4503,-62.5723,0
 24.7317,-93.5080,0
-42.2428,-63.2309,3
 26.5365,-90.4432,0
-36.1841,-64.6219,0
-37.0462,-63.1950,0
-15.1331,-70.1342,0
-15.4864,-69.9205,0
-37.3803,-62.6466,0
-35.1196,-65.0068,0
-27.6328,-55.4193,0
-21.8838,-43.6244,0
-18.9383,-67.0235,0
-37.1250,-63.0555,0
-11.9803,-59.3634,0
 -6.8197,-57.4595,0
-16.8143,-61.0657,0
-35.3347,-64.9794,0
-36.5359,-63.3384,0
-42.3038,-63.3127,3
-11.4970,-57.1066,0
 26.5326,-90.5188,0
-37.0784,-63.2376,0
-11.8646,-59.5995,0
-36.4066,-63.4582,0
-36.6125,-63.6050,0
-36.3686,-64.5461,0
-19.0974,-66.9837,0
-19.9187,-44.1937,0
-25.7700,-59.4944,0
-40.8500,-67.9263,0
-18.7254,-67.1423,0
 24.0794,-93.0424,3
-36.2734,-64.1848,0
-27.8956,-48.8068,0
-28.4665,-54.2562,0
-36.5785,-63.4002,0
-36.5151,-64.5483,0
-37.0049,-63.1140,0
 -9.3249,-56.0168,0
-13.8167,-71.1425,0
-37.5273,-62.5810,0
-36.0069,-64.8343,0
-37.2372,-63.0127,0
-27.9575,-48.4425,0
 24.1623,-93.0619,0
 25.1737,-84.4593,0
-36.7473,-64.4002,0
 24.7866,-93.9913,3
-21.8376,-43.5587,0
-18.3550,-67.4269,0
-28.9763,-54.5633,0
-36.4649,-63.4474,0
-33.8395,-66.1711,0
 23.6796,-94.5624,0
-38.4060,-62.6279,0
-35.0909,-65.0940,0
-35.8879,-63.6169,3
 24.7870,-93.9662,0
-36.2997,-64.7757,3
-12.8971,-74.8067,0
-33.8182,-66.8195,0
-13.4382,-73.7699,0
 26.4793,-90.5198,0
-11.8923,-59.3673,0
-35.9843,-64.7022,0
-27.8447,-49.9297,0
 26.0197,-90.9762,0
-28.2601,-49.5697,0
-34.2026,-68.1297,0
-35.9231,-63.4987,0
-36.3578,-64.9011,0
-20.7958,-43.8852,0
-20.9986,-43.5477,0
-27.8302,-49.9641,0
-14.9590,-70.5700,0
-18.7784,-67.1243,0
 25.2271,-84.5024,0
-17.3300,-60.3018,0
-22.1647,-66.4440,0
-34.2888,-68.3379,3
-35.8498,-63.6684,0
-27.0672,-49.8162,0
-37.8666,-62.5771,0
 24.7678,-93.5087,3
-37.2724,-62.9025,0
 24.5221,-93.9218,0
-25.8229,-59.5119,0
-36.5231,-63.4077,0
-34.2829,-68.4130,0
-10.0780,-48.6519,0
-36.3111,-64.6214,0
 26.5324,-90.5193,0
-39.7504,-63.2991,0
  0.2118,-74.9669,0
 23.6314,-94.5404,0
-33.8202,-67.4345,0
-34.8598,-64.9416,0
 24.2577,-94.4108,0
 24.0951,-94.2790,0
-37.1717,-63.0818,0
-39.6964,-63.1157,0
 24.7904,-93.3311,3
-33.4659,-67.9595,0
-22.2526,-66.4286,0
-35.9057,-64.7812,0
 -1.3278,-75.2756,0
-36.1823,-64.6422,0
-21.8404,-43.6422,0
-10.4520,-47.5232,0
-36.3669,-64.4216,0
-37.0789,-63.2153,0
 26.0693,-90.9685,0
-35.0778,-65.0024,0
-36.2365,-64.1627,0
