-19.1873,-66.9257,0
 -4.2345,-60.9775,0
-12.7797,-58.3484,0
-24.2010,-47.3404,0
-26.4003,-53.0075,0
-10.0011,-54.7247,0
-10.4270,-56.6180,0
 -9.2028,-53.8969,0
-27.1839,-52.3070,0
-16.6450,-61.0925,0
 -4.2007,-61.7340,0
-23.3532,-61.6990,0
 -4.1439,-60.6041,0
-21.2288,-46.8013,0
-25.8433,-49.3253,0
-26.4991,-50.6867,0
  1.3757,-71.6566,0
-12.1292,-56.6186,0
-26.4813,-50.5388,0
  0.9947,-63.0695,0
-11.9870,-53.1682,0
 -6.7395,-76.9986,0
-10.2270,-54.7349,0
-26.3695,-52.9486,0
-11.4775,-54.2629,0
-19.2195,-64.0870,0
-24.1530,-47.6059,0
-16.6332,-59.8765,0
-21.8394,-47.6201,0
-26.8476,-51.0473,3
-24.7056,-50.4251,0
-21.6903,-43.9275,0
-11.4329,-54.2459,0
 -3.7980,-45.8013,0
-26.2026,-50.6083,0
 -4.0689,-60.4737,0
-23.8559,-47.4644,0
 -6.7475,-63.4950,0
-16.5865,-59.9947,0
-26.8243,-51.1854,0
 -8.1780,-55.0006,0
-21.3705,-66.1316,0
-20.4235,-46.7246,0
 -2.9819,-61.0838,0
 -8.7798,-54.5643,0
-24.2141,-47.4291,0
-21.8456,-66.1176,0
 -9.1845,-53.8955,0
-23.5643,-46.6848,0
 -7.9862,-56.3584,0
-24.4276,-47.7633,0
-25.6407,-61.0177,0
-25.5952,-49.9417,0
-23.9712,-47.4552,0
-11.9496,-53.1746,0
-12.1761,-56.7256,0
-16.8213,-59.1845,0
 -7.9173,-55.4834,0
-17.7203,-60.4466,0
-26.9222,-66.2007,0
-27.0835,-51.8035,0
-15.8487,-61.2038,0
-16.5524,-59.9696,0
 -2.4124,-49.3383,0
 -9.1986,-53.8313,0
 -8.7985,-64.3340,0
-23.9945,-47.3432,0
-21.8248,-47.5655,0
 -5.0700,-61.0328,0
-22.2722,-65.7599,0
 -9.7176,-45.1546,0
-12.4575,-58.6658,0
-12.1658,-62.9841,0
 -8.7430,-54.5240,0
-23.3968,-61.7319,0
-22.0741,-66.1180,0
-26.4156,-52.9618,0
 -7.9904,-55.9561,0
-21.7652,-47.6444,0
-24.6881,-50.4968,0
-25.0736,-49.9630,0
 -9.1842,-53.9280,0
-15.4038,-55.9842,0
 -3.9364,-44.2550,0
 -9.8318,-45.0865,0
-12.1652,-56.6007,0
-26.7854,-53.7457,0
-16.3507,-68.4345,0
-24.3519,-47.4708,0
-14.4076,-58.4353,0
-24.4532,-47.8322,0
  0.8576,-71.7706,0
-24.7265,-50.5716,0
-24.0658,-47.5493,0
-11.4273,-54.1673,0
-23.0451,-61.7049,0
 -8.8790,-54.2864,0
-23.1495,-61.6498,0
-24.1951,-47.7423,0
 -8.0537,-54.8182,0
-19.7340,-67.0838,0
-25.2965,-50.1449,0
-22.1909,-65.8198,0
-16.7254,-61.0925,0
-27.2678,-52.3479,0
 -4.2435,-46.9514,0
-23.2463,-61.7507,0
-21.2749,-66.2996,0
-23.9683,-47.4270,0
-19.7321,-67.3119,0
-11.9871,-53.1680,0
-16.3653,-68.6760,0
-20.3618,-46.6759,0
-11.6676,-54.4221,0
-24.2056,-47.4718,0
 -9.1994,-53.8992,0
 -3.6155,-48.5236,0
-26.5415,-53.1374,0
 -4.1399,-61.5683,0
-13.3378,-74.8706,0
-10.4243,-53.4033,0
-12.1687,-56.5593,0
 -8.7286,-54.5808,0
-26.2733,-50.8502,0
 -3.7334,-44.4236,0
-19.4172,-67.1981,0
-23.3455,-61.8996,0
-23.8292,-47.4867,0
-24.0910,-47.6500,0
 -8.5351,-54.7569,0
-23.6623,-49.2662,0
-24.9718,-50.6091,0
-21.8368,-47.6965,0
-16.8221,-59.1542,0
-21.4823,-44.5268,0
-10.1415,-54.7007,0
 -3.7119,-43.9296,0
 -8.7767,-54.6508,0
-24.7830,-48.2320,0
-26.4051,-52.9941,0
-12.0264,-53.1652,0
-23.5232,-46.6155,0
-10.0918,-53.3845,0
-22.2600,-65.6984,0
-27.1487,-52.2304,0
 -8.2429,-78.2272,0
-12.1973,-56.7175,0
-27.0919,-51.8481,0
 -3.6181,-44.3935,0
 -8.7729,-54.4110,0
-23.9409,-50.3884,0
-23.6322,-49.4230,0
 -9.1793,-53.9237,0
 -4.1918,-61.0591,0
-23.3654,-61.6093,0
-12.1749,-56.5654,0
 -1.2736,-73.4977,0
-23.5197,-46.7075,0
-16.6555,-59.8978,0
-23.6293,-47.1884,0
-24.6744,-50.3828,0
-15.4844,-56.0174,0
 -2.4125,-49.1704,0
-23.8164,-47.5118,0
 -8.8965,-63.8475,0
-12.1865,-56.6564,0
-24.2905,-47.6004,0
-21.6760,-66.2636,0
 -7.8543,-55.2709,0
-23.2382,-61.7628,0
-12.6090,-58.2674,0
 -7.9153,-54.8485,0
-23.6059,-55.3833,0
-23.1210,-48.9633,0
 -4.1708,-61.6702,0
-26.4022,-52.9485,0
-19.7178,-67.3931,0
 -8.8747,-54.3086,0
-23.3699,-61.7932,0
-11.9873,-53.1627,0
 -9.7040,-45.0640,0
-24.0098,-47.5131,0
 -4.1436,-60.5200,0
-16.6451,-61.0947,0
-21.3607,-46.6267,0
-10.9267,-39.5589,0
-23.4635,-49.4413,0
-12.6660,-57.0564,0
-24.1987,-47.7507,0
 -8.0026,-54.8632,0
-21.7558,-66.0616,0
-27.2047,-52.1999,0
-23.4043,-61.6474,0
-21.6263,-43.8443,0
-16.8281,-59.2116,0
-19.6973,-67.3161,0
-22.2595,-65.7306,0
-26.5898,-53.1867,0
-19.2690,-67.0974,0
 -9.1777,-53.9378,0
-12.7785,-58.0981,0
 -7.7938,-55.1420,0
-21.2806,-46.6402,0
-26.5003,-66.3694,0
-12.1953,-56.7222,0
  3.3292,-77.2899,0
-11.4401,-54.2668,0
-23.3239,-61.7685,0
 -4.1032,-60.4455,0
-21.7327,-56.5811,0
-23.4860,-46.7884,0
-30.0837,-67.3807,0
-21.4866,-43.7806,0
-24.4342,-47.8222,0
 -6.7002,-63.4450,0
-23.3260,-61.6579,0
-19.3549,-67.2563,0
-22.1808,-66.1024,0
-14.3812,-61.3941,0
 -8.7294,-54.5001,0
-26.5472,-47.6753,0
-22.1829,-65.7059,0
-21.8078,-47.6524,0
-24.1491,-47.5350,0
  0.1573,-71.8557,0
-23.4100,-61.7307,0
-23.5585,-49.2832,0
 -9.1844,-53.8962,0
-11.9722,-53.1500,0
-12.1795,-62.9944,0
 -4.9695,-60.8538,0
 38.1249,-55.2783,0
-23.9986,-47.5836,0
-23.6629,-49.2492,0
-26.4438,-52.9109,0
-24.2648,-47.6724,0
-23.5726,-47.9049,0
-10.4559,-63.2520,0
-14.4690,-58.4508,0
 -8.8280,-54.5721,0
 -4.1305,-61.1567,0
-11.5011,-54.2528,0
 -2.7610,-55.3186,0
-25.1198,-50.0757,0
-26.1817,-50.8870,0
 -7.3719,-54.4838,0
 -0.5397,-74.1787,0
-16.7319,-61.1083,0
-26.7901,-53.8038,0
-21.9264,-65.9401,0
 -8.7966,-54.6574,0
-16.6258,-59.9460,0
-22.9450,-45.2302,0
 -9.2055,-53.9269,0
-12.1623,-56.6682,0
