-13.4508,-54.2997,0
 -3.2072,-46.8183,0
-14.4690,-55.7802,0
-12.7152,-55.1307,0
-22.2156,-49.7135,0
-23.3043,-49.3228,0
-28.8594,-53.4585,0
-29.3953,-49.2518,0
-12.0083,-55.8939,0
-29.6968,-50.2994,0
-32.6429,-48.0114,0
-30.3587,-49.8045,0
-26.9353,-49.1461,0
-13.6387,-54.7825,0
-29.1588,-61.7599,0
-31.7338,-60.3729,0
-30.6694,-58.6902,0
 -8.4470,-61.7348,0
-22.3257,-51.2881,0
-12.2964,-55.9851,0
 -8.9726,-52.6840,0
 -9.4214,-60.2775,0
-30.9069,-61.7403,0
-14.6674,-71.2740,0
-28.9108,-62.2386,0
-34.6111,-45.4442,3
-25.0402,-65.4424,0
-29.7140,-61.3841,0
-25.3220,-54.3105,0
-13.7966,-54.8099,0
-29.1762,-65.1339,0
-22.6915,-46.3084,0
 -4.0612,-44.6891,0
-13.0570,-54.0046,0
-25.4544,-65.0775,0
-28.5407,-64.5947,0
-28.4838,-54.4877,0
-12.8723,-55.1981,0
-29.2726,-52.7634,0
-29.2342,-57.5655,0
 -6.0702,-41.8649,0
-28.8076,-62.8897,0
-11.8609,-56.5017,0
-30.0547,-51.2714,0
-24.6031,-51.7955,0
 -6.5648,-38.9577,0
-22.0876,-66.2133,0
-30.1649,-59.1368,0
-31.6177,-48.8228,0
 -9.0466,-60.7099,0
-34.4118,-45.3027,3
 -4.7375,-43.1456,0
-30.3834,-58.6490,0
 -7.6662,-55.7806,0
-31.4774,-58.3774,0
-29.5936,-59.4332,0
-27.2997,-66.8265,0
-13.8916,-58.7918,0
 -8.2958,-52.9694,0
-22.4454,-51.1628,0
 -9.1095,-55.9196,0
-30.0623,-65.5115,0
-21.8679,-50.5874,0
-30.4304,-59.7660,0
-13.0146,-61.5136,0
-28.7943,-51.5661,0
-29.1630,-61.5805,0
 -9.2623,-53.5998,0
-30.0247,-60.2975,0
 -4.0467,-44.7624,0
  6.4125,-76.4593,0
 -7.8117,-53.4683,0
-29.4526,-50.4403,0
-28.2612,-66.0535,0
-25.4725,-65.1668,0
-30.8527,-49.6005,0
-11.1491,-57.0442,0
-30.3408,-59.4769,0
-12.4110,-52.4887,0
-23.6133,-46.0455,0
-26.1590,-65.1361,0
-29.3085,-62.0889,0
-29.1459,-52.1379,0
-29.4453,-61.2622,0
-29.2314,-65.1087,0
-11.8408,-56.2460,0
-28.9598,-65.0860,0
-15.3270,-70.4802,0
 -2.3314,-48.8175,0
-12.7084,-55.2113,0
-27.3698,-66.7215,0
-31.7033,-60.7952,0
-34.4712,-45.2518,0
-15.6823,-61.2195,0
-29.4312,-49.2686,0
-20.9435,-49.9993,0
-21.9656,-50.7162,0
-30.3623,-58.2264,0
 -4.6941,-43.1350,0
-29.2660,-63.4334,0
 -5.0245,-56.6106,0
-14.3981,-55.8224,0
-13.9453,-54.8388,0
-29.4211,-58.0828,0
-14.0861,-54.8889,0
-28.5172,-54.2766,0
-12.9929,-54.2110,0
 -2.9769,-46.1552,0
-12.7802,-46.8527,0
 -4.8720,-42.9683,0
-30.2179,-60.5784,0
-32.8134,-47.8089,0
-24.6483,-51.7293,0
 -5.1731,-41.9390,0
 -9.0211,-52.6699,0
-30.3117,-58.9750,0
-13.1173,-54.0159,0
-29.4006,-61.5059,0
-12.5798,-61.9074,0
 -0.7565,-73.8455,0
-19.4112,-52.7363,0
-22.2915,-50.7168,0
-28.8992,-62.1525,0
-12.0163,-56.6901,0
 -6.1016,-41.7910,0
-29.2506,-58.2585,0
-25.9858,-66.8272,0
-11.1687,-57.0610,0
  6.5613,-76.3807,0
 -8.4290,-53.0855,0
 -8.1339,-53.0115,0
-30.0252,-59.8278,0
 -5.3207,-42.0085,0
-30.2538,-65.4679,0
-30.0971,-61.3418,0
-26.6672,-52.1509,0
-29.7428,-60.4705,0
-30.0558,-60.1060,0
 -8.8479,-55.3100,0
-12.9544,-53.5812,0
-28.3041,-52.5477,0
-24.6505,-54.4243,0
 -7.6694,-39.3405,0
-29.0384,-64.9575,0
-14.3942,-55.7570,0
 -9.1926,-54.7338,0
-12.0958,-55.9141,0
-29.2937,-61.7227,0
-29.6136,-50.3849,0
-11.9052,-56.5167,0
-29.4353,-57.6491,0
-30.7340,-59.2339,0
-28.9315,-61.8564,0
-15.7223,-61.3325,0
-13.7983,-74.0403,0
-30.0487,-61.2595,0
-27.4025,-49.0004,0
-28.9439,-55.6740,0
-29.3667,-62.0799,0
-27.0921,-53.0688,0
-22.3523,-51.2882,0
-28.6053,-63.0269,0
-30.1312,-58.4400,0
-29.8218,-56.6678,0
-13.4026,-54.3415,0
-28.5941,-62.5817,0
-15.7890,-70.3024,0
-29.2719,-52.2150,0
-20.7875,-66.0640,0
 -3.7544,-68.1861,0
-31.6922,-48.7743,0
-24.9019,-66.7022,0
-20.2618,-52.6682,0
-25.4593,-54.4040,0
-12.4420,-52.5783,0
-30.6925,-49.6521,0
-26.9256,-49.3855,0
-13.0372,-54.0406,0
-14.2484,-54.8501,0
 -8.9437,-55.6342,0
  6.2612,-76.5329,0
 -9.1320,-59.1260,0
-14.3768,-61.5199,0
-29.9053,-60.2868,0
 -9.0773,-52.7227,0
-13.1019,-46.7443,0
 -9.4182,-60.1471,0
-29.7347,-50.3042,0
 -7.5536,-39.1895,0
-11.5492,-56.9004,0
-28.1170,-48.5921,0
-12.6158,-55.3464,0
-29.3667,-61.5371,0
 -9.6203,-54.0943,0
-32.6897,-47.9952,0
-33.9049,-46.1908,0
-27.6659,-54.3060,0
-17.5423,-54.2220,0
-30.9094,-61.7866,0
-12.4155,-55.7758,0
-11.1539,-57.1339,0
-28.9553,-62.1946,0
 -4.1473,-43.8582,0
-26.9357,-49.1362,0
-14.5667,-71.2809,0
-19.1455,-66.6598,0
-29.5523,-58.7139,0
-29.3951,-49.3095,0
-29.0863,-52.0807,0
 -9.2436,-54.6373,0
 -4.1804,-66.9318,0
-25.3420,-53.6726,0
-11.8734,-56.6157,0
-22.3226,-50.7983,0
-14.1753,-54.8756,0
-14.4861,-54.6729,0
-13.4161,-54.3003,0
 -9.9457,-52.5898,0
-16.0430,-70.1503,0
-13.9078,-54.8280,0
-15.5064,-66.5414,0
-28.5596,-64.3461,0
-36.9767,-43.7000,0
-29.6822,-60.4988,0
-32.6538,-48.1757,0
-31.0018,-57.6761,0
-29.7544,-50.1465,0
-29.4830,-61.3325,0
-27.4459,-66.6862,0
-27.2429,-53.1244,0
-28.9373,-65.0114,0
-30.5505,-60.1193,0
-32.8107,-47.8505,0
-29.2440,-58.6227,0
 -3.6446,-45.4709,0
-28.7786,-53.5541,0
-21.1568,-49.8747,0
-28.3503,-54.2634,0
-26.8103,-50.3552,0
-21.8054,-50.5630,0
-28.3025,-66.0085,0
-33.1396,-47.0639,0
-13.0105,-54.0142,0
-11.1768,-57.1065,0
-14.5690,-54.3936,0
-13.1855,-54.3266,0
-12.1702,-55.9941,0
 -5.1341,-60.1934,0
-29.9275,-49.3951,0
 -9.3392,-54.0997,0
-14.4636,-55.8141,0
-27.3365,-64.6320,0
-14.9556,-71.6664,0
 -1.5816,-49.7009,0
-32.2360,-48.3820,0
-29.1703,-65.1032,0
-12.7145,-55.1550,0
-30.2390,-59.7062,0
-22.4926,-51.2307,0
-14.2277,-54.7868,0
-29.5783,-49.2210,0
 -5.8239,-39.8475,0
-28.5652,-62.9742,0
-13.2279,-46.6900,0
-30.8834,-49.5184,0
-29.4955,-60.8180,0
 -9.2243,-53.6077,0
 -2.9056,-45.8824,0
-27.9945,-67.3155,0
-33.7280,-45.9027,0
-14.3994,-55.6860,0
-30.0298,-58.6446,0
-30.2697,-65.5212,0
-29.7412,-50.4018,0
-28.6889,-65.9098,0
-28.8325,-62.3288,0
-13.0530,-54.0098,0
-25.5070,-65.1563,0
-26.8499,-49.3544,0
-18.6661,-67.4387,0
-26.3410,-64.5293,0
 -5.4080,-40.1501,0
-11.9785,-56.2427,0
-30.0656,-60.1859,0
-29.3465,-49.2107,0
-29.5824,-59.3884,0
-27.1257,-49.3772,0
 -7.8224,-53.5201,0
-29.1351,-61.7211,0
-22.4491,-51.3194,0
 -9.9445,-52.6685,0
 -8.4564,-52.4719,0
-28.7230,-55.0803,0
-14.0255,-54.8749,0
 -8.3646,-53.0343,0
-31.0878,-49.3897,0
-12.3722,-52.5769,0
 -9.0369,-52.7051,0
 -7.6089,-55.8019,0
  3.1755,-33.1994,0
 -1.2086,-68.5299,0
-26.8710,-49.1669,0
  3.9183,-77.0352,0
-30.7570,-59.2509,0
 -1.7407,-49.7772,0
-22.2473,-50.7324,0
-31.1718,-57.0272,0
-14.4717,-55.7567,0
-30.6038,-58.6166,0
 -1.4095,-46.9860,0
-21.9174,-50.7462,0
 -6.4542,-38.9144,0
-29.3079,-62.0904,0
-12.7140,-55.2522,0
-29.9765,-50.5244,0
-30.5699,-59.7530,0
-14.1775,-54.8606,0
-21.0539,-49.8026,0
-28.6430,-64.2629,0
 -4.8219,-43.0572,0
-10.0192,-52.4926,0
  1.3821,-36.7872,0
  3.4041,-77.0796,0
-28.2989,-66.0861,0
-30.3471,-59.7558,0
-30.3526,-58.7202,0
 -8.4383,-59.6656,0
-30.4406,-59.0426,0
 -9.3104,-54.6986,0
-29.6611,-60.5213,0
-20.4697,-52.5686,0
-22.4313,-46.2314,0
-13.9642,-58.7505,0
-22.3696,-51.1923,0
-11.1739,-57.0339,0
 -4.9080,-56.4997,0
-30.7526,-62.0411,0
 -9.9316,-53.8901,0
 -4.8474,-43.0111,0
-26.0838,-66.8298,0
-28.6743,-64.0769,0
-29.1835,-61.3541,0
  2.4734,-70.1123,0
-10.8024,-57.8880,0
-23.0285,-66.7608,0
-13.0388,-53.9284,0
-22.5596,-46.3195,0
-28.3165,-66.0353,0
-29.5462,-58.9243,0
-19.5872,-67.9193,0
-20.9629,-49.9190,0
-29.3201,-61.6791,0
-28.5543,-64.5743,0
 -3.4532,-45.4044,0
-32.6095,-48.0926,0
  5.2303,-39.7214,0
 -7.9818,-55.9934,0
-29.9846,-60.2832,0
-14.3919,-55.7613,0
-24.6851,-51.7218,0
-12.0143,-56.3277,0
 -4.0398,-44.6867,0
 -7.3421,-38.9498,0
-32.8018,-47.8475,0
-22.2813,-51.2347,0
 -3.9781,-45.1357,0
-26.7765,-49.2862,0
-29.6950,-59.2565,0
-29.4035,-61.3675,0
-20.7282,-66.1120,0
-23.0911,-66.6372,0
 -9.2229,-53.5520,0
-26.7470,-53.1488,0
 -1.8775,-49.5497,0
 -4.2752,-43.9480,0
-29.1667,-61.4068,0
-29.4511,-49.1761,0
-12.4039,-75.2456,0
-29.9287,-50.9336,0
-21.4825,-66.1608,0
-11.2287,-57.0917,0
-29.1866,-52.1342,0
-30.0333,-58.8106,0
-30.1606,-59.8776,0
-22.3773,-51.1356,0
 -6.0392,-41.8086,0
-21.9596,-50.8105,0
-12.9689,-53.9913,0
-22.9674,-66.3092,0
-13.4160,-54.3009,0
-12.5757,-55.3975,0
 -4.7955,-42.9965,0
 -9.2452,-54.7619,0
-12.7874,-55.2071,0
-14.2600,-54.8599,0
-20.6248,-50.4443,0
-12.1742,-56.1419,0
 -3.7232,-45.1004,0
-11.9068,-56.5120,0
  1.5624,-70.8646,0
-12.7455,-60.7876,0
-26.4162,-64.5467,0
 -8.1521,-53.0398,0
-29.9259,-59.2019,0
-31.9214,-48.7670,0
-29.6594,-60.5936,0
-30.1499,-60.0571,0
-32.8697,-47.7813,0
-15.4630,-70.4029,0
-30.9142,-61.8097,0
-13.9499,-54.8987,0
-29.9176,-50.7249,0
-32.6429,-48.1143,0
-11.6965,-56.0920,0
-30.4430,-58.1291,0
-12.7132,-55.2597,0
-23.7060,-55.3313,0
 -8.3574,-52.9550,0
-28.6419,-52.1148,0
-21.7768,-50.5896,0
-26.9363,-49.1185,0
-28.2986,-66.1221,0
 -3.3571,-45.2167,0
-24.7590,-54.4914,0
-14.4686,-55.7926,0
-22.3171,-50.7999,0
-29.7654,-50.1502,0
-14.4873,-54.6729,0
-20.4609,-52.7341,0
-19.4024,-68.3471,0
-27.2146,-53.0841,0
-19.6216,-67.7968,0
-28.3745,-54.2935,0
-11.1498,-57.0451,0
 -4.6382,-43.0938,0
-13.9453,-54.8199,0
-29.3077,-62.1061,0
-29.2045,-65.1216,0
-28.9378,-64.9895,0
-14.1894,-54.8788,0
-13.0403,-54.0118,0
-32.3724,-48.2201,0
-13.9254,-62.1359,0
-20.9461,-50.0089,0
 -5.2512,-41.8824,0
 -7.2901,-48.8294,0
-29.7397,-50.3107,0
-29.1605,-61.6724,0
 -9.1714,-77.6070,0
 -8.5224,-52.9523,0
 -9.1842,-54.7139,0
-27.4452,-66.7507,0
-29.5000,-60.7423,0
-29.1420,-52.2254,0
-36.7287,-43.3292,0
-12.9687,-53.5318,0
-29.7155,-61.3569,0
-29.1504,-62.1147,0
-13.3123,-54.3655,0
-27.5583,-48.9555,0
 -5.9245,-41.8849,0
-29.3627,-57.7864,0
-25.0193,-65.4067,0
-29.2642,-61.6496,0
-31.7715,-48.7584,0
-30.6924,-50.1515,0
-33.5156,-46.2797,0
 -3.7655,-45.2683,0
-22.9875,-66.3004,0
-22.1824,-66.2666,0
-14.3937,-55.8133,0
-13.1143,-54.0027,0
-29.8053,-59.5056,0
-13.1429,-46.7828,0
-23.1798,-48.8468,0
-28.7867,-62.3672,0
-29.3578,-49.2852,0
-29.4048,-58.0139,0
-12.3724,-52.5729,0
 -9.0352,-52.7093,0
-29.7407,-60.5068,0
-28.8563,-53.4573,0
-12.7005,-55.2015,0
-25.4242,-53.6195,0
-12.6485,-60.7155,0
-18.9540,-52.5808,0
-28.9080,-66.0318,0
-30.5084,-58.6922,0
-30.5735,-58.0143,0
 -7.8655,-53.4815,0
 -9.8736,-52.6747,0
-29.4957,-60.8181,0
-30.7484,-57.0127,0
-27.3353,-50.6528,0
-11.1737,-57.0700,0
-14.9928,-71.5350,0
-30.2631,-65.4156,0
-20.2573,-52.6750,0
-11.9212,-56.3687,0
-29.2553,-52.4421,0
-21.8640,-46.8078,0
 -6.4145,-53.4038,0
-27.2496,-52.9367,0
 -7.4424,-39.0996,0
 -9.4467,-60.2489,0
-29.6640,-60.6123,0
-32.8242,-47.8575,0
-28.3403,-65.9892,0
-29.2364,-65.0338,0
-28.5983,-62.8093,0
-20.8704,-65.9393,0
-22.2871,-51.2134,0
-13.0317,-54.1223,0
  3.5116,-77.1437,0
-29.2218,-58.5369,0
-10.7115,-58.0473,0
-27.0179,-64.8316,0
-25.4474,-65.1619,0
-31.1099,-49.2950,0
-29.4227,-49.2787,0
-19.9009,-66.3857,0
 -8.1597,-52.9825,0
-27.5188,-66.6458,0
-12.3955,-52.6024,0
 -5.3919,-40.0420,0
-30.6994,-49.6567,0
-11.1287,-57.1381,0
-30.1313,-50.5120,0
-33.6532,-46.3444,0
-29.2865,-63.4544,0
-29.1382,-57.2887,0
-15.9079,-70.5751,0
-13.4157,-54.3010,0
-30.6694,-59.2812,0
-30.8940,-61.8139,0
-26.9280,-49.4219,0
-28.8443,-62.4631,0
-32.7773,-48.0721,0
-14.3916,-55.7643,0
-30.0714,-60.0000,0
 -5.3502,-42.0473,0
-29.3331,-62.1038,0
-11.8585,-56.6994,0
-24.8943,-66.6821,0
-28.4390,-54.3390,0
-29.1512,-62.0720,0
 -4.8668,-42.9736,0
-30.0483,-60.2714,0
 -5.4890,-40.0697,0
-19.3290,-52.1778,0
-11.6339,-75.9249,0
 -5.3208,-41.9387,0
-22.4643,-51.2655,0
-30.8456,-49.5690,0
-29.3305,-58.1264,0
 -8.7640,-50.7340,0
-29.6936,-59.2980,0
-12.3811,-52.5549,0
-12.7221,-55.1553,0
-30.5559,-49.8368,0
-30.7772,-59.2341,0
-13.9311,-54.8401,0
 -4.7251,-43.1281,0
-21.7575,-50.7013,0
-29.5832,-49.2045,0
 -3.9956,-44.5481,0
 -9.2697,-53.4553,0
-28.8974,-62.2424,0
-11.9360,-56.4966,0
-30.2537,-65.5410,0
-26.8608,-49.0796,0
-28.8861,-52.0760,0
 -5.1052,-41.9291,0
-20.9598,-50.0054,0
-32.7774,-47.8609,0
 -1.4789,-49.9429,0
-30.4352,-59.6596,0
-22.3587,-51.3139,0
-22.5746,-66.7681,0
-30.1448,-58.4583,0
-11.2481,-57.1176,0
-14.4189,-55.7712,0
-16.8719,-61.2698,0
-26.7634,-52.3494,0
-23.1480,-66.6141,0
-31.6870,-48.8667,0
-14.5692,-54.3748,0
-31.5408,-59.4464,0
-29.7242,-60.4521,0
-10.7251,-58.0470,0
-13.0293,-54.0322,0
-30.9827,-61.9966,0
-12.4306,-55.8104,0
-26.8100,-49.3346,0
 -9.1085,-53.1346,0
 -7.5353,-55.8229,0
-29.1736,-61.6712,0
-27.7865,-51.2370,0
-20.4793,-52.6348,0
-28.5328,-62.9673,0
-15.7030,-61.2568,0
-32.6431,-48.0978,0
-20.6248,-66.0772,0
-28.3316,-54.2441,0
 -8.2873,-52.8182,0
 -9.4026,-54.0016,0
-15.1503,-72.5250,0
-29.2286,-62.1033,0
-23.7043,-55.1988,0
-31.2285,-56.6236,0
-30.5848,-58.8045,0
-21.4058,-66.1673,0
 -6.3944,-56.5508,0
-13.4018,-54.3912,0
-29.3293,-49.2172,0
-21.8498,-50.4662,0
-27.3473,-49.0221,0
 -9.1863,-54.7341,0
-27.0824,-64.7321,0
-25.4717,-65.1630,0
-22.2845,-50.8313,0
-29.2214,-52.1885,0
-21.0467,-49.8603,0
-11.8846,-56.5014,0
-29.4184,-49.3739,0
 -5.3987,-41.6409,0
-29.6953,-50.3187,0
-29.7379,-51.2780,0
-13.1007,-46.7139,0
-30.9390,-61.8205,0
-14.2043,-54.8717,0
-14.4806,-54.6720,0
-29.1685,-65.1487,0
-29.4048,-61.2986,0
-11.1737,-57.0439,0
-24.0366,-54.6209,0
-12.2659,-55.8471,0
 -7.4063,-60.0347,0
-28.4437,-54.1270,0
-10.5190,-57.8569,0
 -5.3663,-40.1603,0
-14.3907,-55.8222,0
