 -9.8332,-48.7956,0
-10.1707,-54.0826,0
-22.3235,-42.7056,0
 -8.6519,-52.9520,0
-25.0820,-53.5361,0
-13.6446,-59.8306,0
-14.8562,-56.7164,0
 -7.5166,-61.4402,0
 -8.9650,-50.7829,0
-10.4695,-58.3842,0
-41.6621,-66.2656,0
 -8.2578,-55.0849,0
-25.6054,-53.4317,0
-21.1261,-54.5360,0
-10.5288,-54.8556,0
 -8.9208,-53.0317,0
-15.1700,-54.7128,0
 25.7320,-95.2612,0
-11.0752,-51.9614,0
-27.3861,-53.6649,0
-14.2412,-70.1032,0
-12.7653,-42.2852,0
-23.8575,-54.9050,0
 -7.9738,-53.2463,0
-20.4932,-53.0019,0
-22.2363,-42.9122,0
-25.1325,-53.6481,0
-26.4787,-55.0690,0
 -8.0622,-56.0089,0
-20.1787,-54.1063,0
 26.9292,-90.4849,0
-14.8381,-69.3783,0
-16.2670,-58.8247,0
 -8.4560,-52.7145,0
-27.7900,-54.8574,0
 -8.2813,-52.5943,0
-15.2474,-55.6075,0
-22.5586,-45.0877,0
-22.4029,-42.6797,0
  0.5685,-56.4266,0
-14.8539,-58.9084,0
 23.8884,-96.2445,0
-25.2248,-53.7165,0
 -5.4072,-65.2554,0
-10.4272,-49.6222,0
 -9.1239,-55.7436,0
-29.5748,-52.3980,0
-28.2122,-53.7125,0
 -8.5889,-52.4926,0
-16.5558,-68.2614,0
-10.8773,-58.3339,0
-20.5357,-52.9058,0
-11.0741,-52.0261,0
-10.1298,-54.9710,0
 -7.9347,-53.3231,0
-10.0515,-55.2511,0
-29.3637,-52.2873,0
 -8.3407,-52.0683,0
-14.0958,-59.4906,0
-10.6422,-60.4785,0
-26.4088,-57.4114,0
-22.9338,-45.2964,0
 -9.2714,-67.2616,0
-10.5526,-55.9440,0
-27.7811,-53.0868,0
-10.1103,-53.7802,0
 -9.7142,-54.1841,0
-27.7742,-54.9699,0
 27.1534,-91.7536,0
 -9.4237,-55.8168,0
-13.0004,-50.9229,0
 -2.8045,-48.6084,0
-26.5613,-55.0862,0
 -9.9277,-52.9982,0
-26.7000,-54.7400,0
 -9.7009,-53.0960,0
-13.0197,-62.9438,0
-22.1994,-42.8353,0
-22.8063,-46.3000,0
 22.9427,-93.2103,0
-27.2660,-50.1527,0
 -7.9767,-53.2135,0
 -8.2968,-51.9820,0
-22.3995,-42.7703,0
-12.7874,-60.3245,0
-28.9026,-51.9241,0
-15.3650,-55.6665,0
 -9.3195,-62.5519,0
 -8.5742,-56.7386,0
-12.5063,-60.4080,0
 -8.5796,-52.7258,0
-14.3200,-57.3326,0
 -8.8011,-52.8833,0
-17.0620,-60.5116,0
 -7.9860,-53.2751,0
-14.9877,-58.5545,0
-28.3732,-54.8264,0
-34.8535,-69.0214,0
-10.0606,-54.1215,0
-22.4588,-45.2153,0
-35.4214,-68.2598,0
 -3.0258,-49.1852,0
 -3.5334,-47.9892,0
 25.0495,-93.3314,0
-13.8624,-59.7454,0
-18.3297,-43.9566,0
-10.5381,-52.4733,0
-26.4813,-55.0759,0
-25.6157,-55.7027,0
 -8.3103,-52.1155,0
-26.4066,-57.5004,0
 25.3459,-85.2738,0
-11.0427,-59.5403,0
 -8.2576,-55.1127,0
-10.5232,-54.9126,0
-10.0259,-55.2231,0
 -9.2548,-62.6316,0
 -9.0463,-55.4646,0
-22.0476,-44.2683,0
-22.3709,-42.6637,0
-13.0000,-50.9606,0
-29.1719,-52.3106,0
-26.5597,-54.9846,0
-10.4095,-52.6419,0
 -6.0536,-51.6845,0
-15.7580,-57.3635,0
-27.1905,-50.1214,0
-13.6241,-59.8799,0
-41.5855,-66.2606,0
 24.8152,-93.2698,0
 -8.0660,-53.2519,0
-12.6622,-60.2119,0
-15.4870,-54.4034,0
-14.3556,-57.2478,0
-28.4373,-53.9593,0
 -9.7010,-53.0955,0
-23.4800,-54.3601,0
-27.1228,-50.2838,0
-26.6449,-54.7794,0
-29.3640,-52.2921,0
-34.8027,-68.8492,0
-25.8863,-50.3875,0
-10.3045,-58.4352,0
 -8.9566,-52.9414,0
-17.2080,-45.8767,0
-12.8245,-60.2058,0
-22.2367,-42.9119,0
 -7.5651,-53.6112,0
-20.1791,-54.1061,0
-25.9252,-55.7163,0
-10.4093,-54.9818,0
-15.7979,-56.8442,0
-10.8323,-59.7241,0
-27.8651,-54.7933,0
-13.5053,-75.0906,0
 -8.5218,-52.5789,0
 -9.2675,-60.7943,0
-14.7756,-58.4657,0
-10.0608,-55.3110,0
-10.3135,-58.4326,0
-28.2118,-53.7364,0
-26.3703,-57.3300,0
-28.6123,-53.0650,0
-16.9473,-60.3702,0
-23.6776,-54.4976,0
-14.1693,-55.5543,0
 -7.7432,-54.3048,0
 -7.3153,-52.1226,0
 -8.9011,-50.9075,0
 -9.8578,-48.7955,0
-10.4050,-51.1614,0
-16.9030,-54.0617,0
-22.4849,-42.5845,0
 -7.4257,-60.5062,0
 -8.5360,-52.7005,0
 -8.3622,-52.0437,0
 25.1184,-93.1414,3
-11.0129,-52.0580,0
-14.1334,-57.6320,0
-42.5181,-69.1825,0
-42.6206,-68.1091,0
-10.3837,-52.7220,0
-23.6989,-48.6626,0
-21.3648,-43.9736,0
-15.7966,-57.2608,0
-28.2410,-54.2882,0
-29.5076,-52.2645,0
-13.0777,-50.9125,0
 -7.9529,-53.2573,0
-10.9095,-76.3002,0
 -2.8884,-45.9226,0
-26.7286,-54.7901,0
 -9.0955,-60.9563,0
-41.4221,-66.6672,0
 -8.2900,-55.1122,0
-22.3088,-42.7829,0
-13.6387,-59.8579,0
-28.9186,-51.9619,0
 -8.8290,-55.8982,0
-12.0216,-60.6267,0
-25.8792,-55.4780,0
-27.7850,-53.0721,0
 -9.0732,-55.7001,0
-14.0582,-58.3245,0
-21.7862,-44.2804,0
 -9.7479,-54.2010,0
 -8.6708,-52.9450,0
 -7.9752,-53.3822,0
-25.4896,-59.7561,0
-22.9217,-45.2340,0
-19.2219,-59.9487,0
 -9.5216,-55.7476,0
-10.0517,-55.2745,0
-15.2541,-54.6889,0
-14.3556,-57.2483,0
-22.2326,-42.8605,0
 -8.2872,-52.0695,0
 -7.1612,-66.8900,0
-17.1832,-67.6300,0
-10.5338,-52.4443,0
-14.8268,-56.7827,0
-25.3400,-55.9378,0
-15.2371,-60.0827,0
-10.1734,-54.1325,0
-10.8272,-52.3519,0
-10.8178,-58.2590,0
-42.2951,-66.7913,0
 -8.7143,-57.3214,0
-10.5119,-54.8673,0
-15.2930,-55.6708,0
-26.3351,-57.4494,0
-26.4892,-54.9872,0
 -8.6403,-57.0072,0
 -8.8796,-52.8820,0
-25.6244,-59.8875,0
-28.1044,-54.3784,0
 -3.2550,-47.2536,0
-18.8365,-57.6254,0
 -9.7011,-53.0965,0
-26.4781,-55.1051,0
 -3.3767,-45.3636,0
-28.4408,-53.8660,0
 -7.5155,-54.2874,0
-14.1743,-70.5660,0
-35.2643,-67.9754,0
 -8.2584,-55.0501,0
-22.2358,-42.9354,0
 -8.8548,-55.8277,0
 -7.9762,-53.2876,0
-16.9402,-69.2524,0
-20.2504,-54.1896,0
-19.8924,-65.7502,0
  3.9657,-65.5755,0
 -8.3627,-51.9960,0
-41.8676,-67.6618,0
-14.8004,-58.4309,0
 -8.5313,-52.4564,0
-11.0748,-52.0057,0
 -1.7683,-47.6890,0
-28.7646,-52.8496,0
-17.7985,-69.6010,0
-27.8182,-54.8544,0
-18.1338,-59.8872,0
-14.9568,-58.5273,0
-13.6612,-59.7217,0
-22.2477,-42.6420,0
 24.8103,-93.2713,0
-22.4030,-42.6874,0
-10.7741,-59.8260,0
 -7.6820,-54.3419,0
 -3.6136,-45.3610,0
-20.2605,-54.0929,0
-10.3522,-52.6996,0
-15.8239,-57.3328,0
 -6.9079,-53.5606,0
-22.4424,-45.6371,0
-25.8368,-55.4791,0
-26.4080,-57.4432,0
-20.5348,-52.9474,0
-14.3454,-57.2499,0
-28.4458,-53.9890,0
-10.0332,-54.0690,0
 -8.6977,-58.4733,0
-10.4588,-58.3069,0
-22.7960,-46.2972,0
-29.4482,-52.3919,0
-22.2364,-42.9132,0
 -8.8161,-52.8623,0
-15.3095,-55.5948,0
 -8.6573,-52.4451,0
-13.6304,-59.8736,0
-16.9676,-60.4460,0
-34.7704,-69.0185,0
-27.5523,-52.7114,0
 26.8928,-92.4748,0
-10.4966,-55.9258,0
 -8.7980,-58.5721,0
-10.4828,-52.5685,0
-28.4678,-53.1074,0
-14.7922,-58.9752,0
-29.3829,-52.3050,0
-10.6163,-59.7696,0
 -8.3625,-51.9667,0
-23.8493,-54.9120,0
-16.2483,-57.5288,0
 -7.4556,-66.2917,0
 -8.6557,-52.5655,0
-22.9292,-45.2357,0
-10.3287,-61.6836,0
-29.6125,-52.2164,0
 -7.9775,-53.2602,0
-14.4466,-55.9442,0
 26.6478,-92.1113,0
 -0.1822,-73.9583,0
 -7.9903,-54.8729,0
-10.7469,-60.2517,0
 -7.9231,-51.3888,0
 -8.4218,-57.5166,0
-18.2901,-43.9772,0
-15.3227,-55.6910,0
-24.4830,-55.1630,0
-24.6272,-49.6320,0
-26.5236,-53.6908,0
-22.1600,-42.8484,0
-18.5168,-57.6972,0
-28.9116,-51.9471,0
 -9.8247,-55.3071,0
-23.3874,-49.5874,0
-25.2496,-53.6221,0
 -8.5028,-63.4509,0
 -8.5869,-56.7140,0
-26.4726,-54.7476,0
 -2.6833,-46.4662,0
-27.0002,-51.0468,0
 -8.9000,-50.8621,0
-14.4620,-60.7186,0
-13.0097,-50.9592,0
-27.2653,-50.1533,0
-22.4025,-42.6803,0
 -9.8704,-55.3418,0
-14.8128,-56.7125,0
-10.0755,-62.4484,0
-22.2157,-42.6415,0
-10.4960,-54.9028,0
 -8.3611,-52.0793,0
-22.5494,-43.2895,0
-14.2451,-60.6660,0
 -9.7002,-53.0963,0
-28.4781,-53.9402,0
-22.2359,-42.9128,0
-10.4673,-52.6014,0
-11.0512,-51.9853,0
-13.9290,-59.7938,0
-26.4759,-55.1453,0
-15.1289,-56.9488,0
-16.9340,-54.1753,0
-14.2288,-55.4660,0
-15.2203,-60.0503,0
 -9.3793,-55.8318,0
 -8.4424,-51.4898,0
 -7.9766,-53.1577,0
-25.8307,-55.5060,0
-15.2878,-55.6713,0
-22.3187,-42.8068,0
 -7.9744,-53.3882,0
-15.2132,-54.7610,0
-26.7209,-54.8423,0
 23.8809,-96.2226,0
-14.0696,-59.4688,0
-20.6231,-52.9775,0
-23.7008,-49.9230,0
-27.7270,-54.8906,0
 -8.6032,-56.8270,0
-12.7868,-60.8159,0
-26.5833,-54.9487,0
-27.3871,-55.5532,0
-29.1502,-52.3330,0
 -8.9563,-55.6616,0
 -7.9838,-53.2290,0
-22.4793,-42.6135,0
-25.5208,-55.7630,0
-26.6724,-54.7470,0
  3.3917,-69.3823,0
-14.7927,-58.9074,0
 -8.5757,-52.5907,0
 -9.1711,-53.6669,0
-26.4781,-55.0688,0
-13.6586,-59.8645,0
 -9.6409,-60.9618,0
 -7.7421,-54.3378,0
 24.8093,-93.2695,0
-13.4667,-60.1363,0
 -8.7945,-52.9027,0
-14.2778,-57.3168,0
 -8.5641,-52.5716,0
-23.7019,-49.8863,0
-15.8321,-56.7953,0
-10.4702,-58.3829,0
-26.5514,-55.1428,0
 -8.0663,-53.3165,0
 -9.0766,-52.8353,0
 -8.3488,-52.0782,0
 -9.6999,-53.0952,0
 -9.1138,-57.8451,0
-13.6164,-59.8735,0
-10.0503,-55.3017,0
 -8.5203,-52.7092,0
-14.3533,-57.3287,0
-15.8626,-57.0115,0
 -2.3638,-46.5376,0
-10.5506,-55.9200,0
-25.0098,-53.5844,0
