-33.7491,-49.3697,0
-31.4774,-59.4620,0
-31.2703,-58.8484,0
-32.6362,-52.6501,0
-15.0636,-58.8830,0
-31.4445,-58.0797,0
-31.0820,-60.1716,0
-32.8893,-52.2012,0
-32.2646,-60.4784,0
-31.3879,-60.0975,0
-30.4546,-53.6925,0
-31.2520,-55.1881,0
-31.7225,-54.4929,0
-32.2170,-60.6216,0
-31.6049,-57.7770,0
-31.2913,-61.6245,0
-11.8767,-53.3263,0
-31.4020,-56.9519,0
  3.7700,-79.2106,0
-33.6961,-49.9467,0
-32.7307,-52.2645,0
-31.2649,-61.7534,0
 -9.6576,-55.4196,0
-14.7558,-60.7118,0
-31.4166,-61.6899,0
-32.4865,-52.8983,0
-31.6443,-61.6156,0
-33.8129,-49.1815,0
-33.4150,-51.5981,0
-17.1517,-61.3092,0
-31.3743,-58.7875,0
-10.6333,-54.5501,0
-11.5056,-53.4661,0
-33.8019,-49.9584,0
-30.3874,-56.6368,0
-31.6615,-61.3259,0
-32.1957,-58.2720,0
-33.3490,-51.6006,0
-31.4712,-58.0625,0
-11.7974,-53.5387,0
 -7.7183,-57.3653,0
-31.5556,-60.6059,0
 -7.3385,-57.2011,0
-31.1967,-58.7963,0
-31.1714,-56.8028,0
-32.2199,-53.4727,0
-31.1952,-56.5360,0
-32.8952,-52.0686,0
-10.8136,-53.3818,0
-31.9905,-54.0381,0
-33.6788,-50.0398,0
 -5.1180,-37.6060,0
-31.4910,-61.7332,0
-31.2606,-55.1481,0
-31.4900,-54.7849,0
-33.7335,-49.2002,0
-10.8106,-54.5353,0
-33.5695,-50.3047,0
-10.0227,-54.9332,0
-32.8436,-52.1859,0
-33.5477,-50.2094,0
-31.3694,-58.1657,0
-32.5939,-52.8882,0
-31.4152,-61.7702,0
-11.1179,-52.9508,0
-11.9594,-53.3974,0
-31.8956,-53.9589,0
-33.8586,-49.9271,0
-10.8011,-54.4090,0
-32.2790,-60.5986,0
-10.2953,-53.8245,0
-17.9153,-54.2066,0
-18.1812,-69.0333,0
-31.3745,-61.8504,0
-11.8772,-53.3355,0
-13.9951,-60.2249,0
-31.6652,-54.4521,0
-32.0922,-53.5822,0
-33.5262,-50.2306,0
-10.7912,-55.2263,0
-31.1670,-56.8246,0
-31.2423,-61.7290,0
-31.4442,-54.7206,0
 -9.5081,-55.5091,0
-31.2509,-55.6302,0
-33.9545,-49.8526,0
-33.8158,-49.1485,0
-33.9885,-49.5662,0
 -9.7681,-55.1752,0
-31.2842,-57.3025,0
-11.7087,-53.5072,0
-32.2310,-53.9587,0
 -8.1787,-36.6894,0
-10.5732,-54.6835,0
-31.2722,-58.8081,0
-31.1416,-54.5623,0
-31.2712,-61.7794,0
-33.6453,-49.9536,0
-32.2820,-60.6245,0
-31.4449,-60.7039,0
-31.6383,-57.1132,0
-31.4490,-61.4775,0
-31.2580,-59.4539,0
-30.8659,-54.5408,0
 -9.6613,-55.4008,0
-31.5050,-54.6766,0
-32.1086,-54.0709,0
-32.2654,-60.4484,0
-32.8961,-52.0682,0
-33.7333,-49.2206,0
-33.6179,-50.2816,0
-33.2995,-51.7311,0
-32.7343,-52.3282,0
-31.4464,-61.6994,0
 -5.1868,-37.5964,0
-31.6588,-61.1636,0
-31.4404,-60.5863,0
-31.7232,-54.4923,0
-32.2995,-53.6449,0
-31.4139,-61.8372,0
-33.7023,-49.8399,0
 -9.7381,-55.2286,0
-32.9283,-52.2081,0
-32.2284,-53.3261,0
-31.4149,-54.7577,0
-31.1981,-56.0638,0
-32.7095,-52.6234,0
-30.7025,-53.5474,0
-31.9860,-54.0065,0
-31.2400,-55.2944,0
-11.9532,-53.3274,0
-10.6323,-54.5880,0
-31.2847,-58.7527,0
-31.2646,-59.6806,0
-31.4860,-54.7503,0
-15.0095,-59.0202,0
-31.1778,-55.7222,0
-33.9163,-51.0676,0
-18.8147,-68.7828,0
-31.3303,-59.3590,0
-13.9487,-58.6414,0
-31.3595,-54.8529,0
-31.2517,-57.0854,0
-31.2544,-55.1674,0
-31.5678,-58.9758,0
-31.1195,-58.8757,0
-10.4974,-53.6382,0
-14.7646,-73.6525,0
-31.4726,-54.7716,0
-33.8844,-49.7708,0
-33.1704,-51.8547,0
-31.4154,-61.7463,0
-30.7646,-59.8684,0
-32.3657,-60.5607,0
-31.6460,-59.6002,0
-31.4349,-57.7555,0
-32.8120,-52.1962,0
-31.6503,-61.7289,0
-31.8590,-61.2116,0
 -7.6285,-57.1187,0
-31.4089,-60.4636,0
-32.2351,-60.5887,0
-33.3818,-51.6723,0
-10.5508,-54.5091,0
-31.7776,-54.4771,0
-13.9522,-58.4369,0
-31.4056,-54.8681,0
-31.2593,-56.8460,0
  3.3986,-79.5749,0
 -7.8662,-57.2850,0
-33.6056,-50.1877,0
-33.8134,-49.1689,0
-31.9754,-60.4489,0
-32.0843,-53.6344,0
-32.2626,-60.5013,0
-31.4151,-61.7465,0
-31.4775,-60.6825,0
-33.8706,-51.2145,0
-31.5906,-58.2864,0
-32.6824,-52.2968,0
 -9.6605,-55.3952,0
-32.4606,-53.2029,0
-31.4856,-54.7508,0
-31.5014,-60.5474,0
-33.5641,-50.3069,0
-11.7702,-53.5132,0
-30.7550,-55.3261,0
-32.9270,-52.0884,0
-33.6162,-49.9767,0
-31.6169,-57.5456,0
-31.4448,-58.0685,0
 -9.7057,-55.6586,0
-31.4153,-61.7468,0
-32.2778,-60.6200,0
-31.5617,-58.4332,0
-32.2239,-53.3739,0
-33.9365,-49.8612,0
-32.5534,-52.8958,0
-31.2730,-58.7559,0
-31.2056,-56.2365,0
-33.7264,-49.3411,0
-32.2973,-53.4500,0
-31.7277,-57.0498,0
-10.3133,-53.7873,0
 -7.9706,-57.3440,0
-31.3280,-56.9625,0
-31.4044,-57.4377,0
-33.8122,-49.0696,0
-31.0819,-60.1723,0
-31.4275,-61.8321,0
-31.7218,-54.4312,0
-31.0990,-58.8505,0
-10.6613,-54.5944,0
-33.6885,-50.0465,0
-31.2839,-56.4043,0
-32.3063,-60.3778,0
-32.0704,-53.6049,0
-33.2948,-51.8128,0
-31.2751,-55.1907,0
 -9.6477,-55.4027,0
-31.8412,-56.7096,0
-10.8010,-53.4162,0
-31.3311,-59.3121,0
-11.8988,-53.3374,0
-31.3206,-57.2572,0
-31.5153,-60.5952,0
-31.5309,-54.6644,0
-11.1343,-53.0401,0
-33.3823,-51.6020,0
-31.6794,-61.3364,0
 -8.3359,-57.2506,0
-32.3161,-58.9521,0
-32.0449,-54.0135,0
-32.7789,-52.6091,0
-31.3869,-61.8774,0
-33.6959,-49.9470,0
-31.1972,-58.7719,0
-32.0818,-59.2567,0
-14.3931,-59.6043,0
-31.4963,-54.7705,0
-32.7268,-52.3730,0
-33.6254,-51.4156,0
-32.5699,-52.6610,0
 -9.7372,-55.2209,0
-31.2415,-59.4742,0
-33.8999,-49.7653,0
 -9.6452,-55.4024,0
-31.5632,-58.7525,0
 -7.7043,-57.3661,0
-32.2519,-60.5858,0
-31.4860,-56.8101,0
-31.4126,-59.0952,0
-32.3635,-53.4151,0
-32.2741,-60.0199,0
-32.0648,-53.5191,0
-31.3502,-57.2497,0
-10.7984,-54.5566,0
-32.8265,-52.2098,0
-33.4772,-50.0281,0
-31.5409,-59.8999,0
 -5.2561,-37.5886,0
-31.3653,-58.7495,0
-32.8943,-52.0688,0
-31.9472,-58.1396,0
-31.8992,-61.2142,0
-31.4159,-61.7541,0
-31.0114,-54.6838,0
-31.7085,-58.8380,0
 -9.6136,-55.4045,0
 -3.1150,-41.5349,0
-32.2658,-60.5965,0
-11.3542,-52.9218,0
-11.8902,-53.3341,0
-10.3016,-53.8351,0
