-28.7764,-59.4655,0
-29.4338,-57.6632,0
 -9.8238,-63.4850,0
-28.2090,-59.7895,0
-25.6035,-65.1897,0
-25.6588,-47.8740,0
-28.5580,-58.7231,0
-25.7369,-65.1512,0
-28.3567,-59.8036,0
-27.3096,-67.7676,0
-28.3472,-50.8490,0
-27.7154,-66.6419,0
-28.4393,-63.3462,0
 -9.1786,-75.4068,0
-26.9966,-48.5727,0
-29.1030,-65.9484,0
-29.1238,-64.0288,0
-28.4606,-59.5058,0
-23.3831,-63.8711,0
-28.9620,-63.9586,0
-28.2784,-60.2134,0
-28.5900,-59.7321,0
-20.4153,-48.0377,3
-24.8666,-64.9434,0
 -0.1599,-79.9207,0
-28.8287,-62.3282,0
-28.1014,-62.5539,0
-28.6382,-65.9340,0
-28.5725,-58.6600,0
-25.7876,-47.9595,0
-20.4361,-48.0321,0
-28.2096,-59.6211,0
-28.9707,-65.7982,0
 -2.8956,-50.8110,0
-28.5374,-58.6530,0
-27.1774,-67.1063,0
  5.8684,-76.7952,0
 -6.5457,-43.3149,0
-29.2343,-63.9158,0
-23.8571,-45.9538,0
-23.8654,-45.7080,0
-28.5374,-58.6533,0
-27.5824,-61.9654,0
-28.2753,-59.7311,0
-28.4440,-58.6124,0
-28.7364,-63.5257,3
-28.5439,-63.3098,0
-28.8010,-63.5659,0
 -6.8253,-56.1409,0
-25.6487,-48.1572,0
-27.1997,-65.4835,0
-27.0940,-65.8053,0
-28.8507,-59.4431,0
-29.9538,-65.1538,0
-28.4679,-58.7564,0
-28.3031,-59.7980,0
-25.7973,-47.9347,0
-20.3556,-48.2774,0
-28.5248,-59.5070,0
-28.3398,-60.2907,0
-14.7942,-68.6914,0
-28.0704,-60.1134,0
-29.8166,-67.3179,0
-27.8902,-66.5789,0
-28.1224,-59.6953,0
-27.5281,-67.0299,0
-28.2884,-59.6804,0
-23.7824,-45.8913,0
-28.3412,-58.7096,0
-14.7774,-56.6669,0
-11.2186,-61.2901,0
-27.8589,-62.1580,0
-20.3429,-50.3654,0
-12.0292,-59.2076,0
 -5.1473,-47.1330,0
-29.5901,-59.0688,0
 -3.2321,-50.6589,0
-24.8777,-64.9471,0
-25.7739,-48.0227,0
-11.1783,-61.3499,0
-28.2746,-59.5944,0
-27.0881,-65.5839,0
-28.3914,-63.4206,0
-28.0356,-47.6092,0
-27.3081,-67.7196,0
-28.5087,-59.5300,0
-29.3366,-58.3318,0
-23.5295,-46.0294,0
-25.6273,-47.9759,0
-15.2195,-55.8977,0
-25.6103,-65.1820,0
-27.8675,-63.2801,0
-28.7844,-59.4953,0
-29.1165,-48.6771,0
-29.9474,-64.4215,3
-28.4999,-63.4081,0
-28.5391,-58.5866,0
-28.3280,-59.7749,0
-22.2731,-65.4192,0
-28.6755,-59.4103,0
-29.9085,-64.4229,3
-20.4281,-48.2057,0
-20.8205,-65.1089,0
-29.1359,-59.2343,0
-25.7822,-47.8371,0
-29.5865,-64.4123,0
-20.2901,-48.0528,0
  4.4859,-22.6290,0
-25.6995,-48.0896,0
-28.3927,-58.6875,0
-27.2769,-67.7562,0
-25.4745,-65.0653,0
-28.4042,-60.2806,0
-28.2233,-59.7334,0
-20.3567,-48.2242,0
-29.5121,-59.0747,0
 -6.8508,-56.1118,0
-28.5766,-63.3925,0
-28.4583,-58.3713,0
-27.4115,-67.1080,0
-28.7234,-62.7345,0
-25.5355,-48.3256,0
-28.2086,-57.5854,0
 -9.7134,-63.4899,0
-25.6970,-47.9541,0
-23.6472,-46.0644,0
-28.5783,-59.5838,0
  5.2414,-86.9296,0
-27.5543,-61.9436,0
-29.6040,-65.9839,0
-28.0577,-58.9700,0
-14.3939,-56.7937,0
-28.6430,-58.6387,0
-23.7807,-45.9219,0
-28.2642,-60.2211,0
-27.9916,-66.6917,0
-20.3565,-48.2306,0
-28.4423,-63.3458,0
-28.3068,-59.7463,0
-23.3930,-63.7460,0
-28.8264,-59.4923,0
-24.8162,-64.9352,0
-25.7972,-47.9300,0
-29.2756,-63.9171,0
 -9.7009,-63.6954,0
-28.3061,-60.8433,0
-28.7310,-63.0165,0
-28.4415,-59.5526,0
-28.1971,-59.7850,0
-28.3396,-60.2870,0
-28.6616,-62.8578,0
-30.0044,-65.2442,0
-28.0266,-62.1164,0
-28.4282,-58.6788,0
-20.2969,-50.4152,0
-28.0504,-48.3410,0
-28.0957,-62.5937,0
 -9.8792,-63.4634,0
-28.0862,-60.2238,0
-28.3013,-61.9642,0
-28.5155,-59.4740,0
-25.6582,-48.0521,0
  0.5367,-22.0265,0
-20.4000,-48.0481,0
 41.2698,-52.2270,0
-24.8745,-64.9520,0
-28.2692,-59.8169,0
-11.0862,-61.4728,0
-28.5144,-58.7051,0
-23.4054,-63.9119,0
-27.2948,-67.7847,0
-23.8302,-45.7120,0
-29.3758,-59.8053,3
-25.7960,-47.8283,0
-18.5434,-65.6025,0
-29.5012,-60.0245,3
-28.9139,-59.4773,0
-29.4608,-60.4689,3
-29.3164,-60.3418,3
-28.4404,-59.3859,0
-25.7921,-47.9260,0
-29.4977,-60.0658,3
-28.0999,-60.2611,0
 -2.8873,-50.8652,0
-29.1190,-63.9383,0
-29.8503,-59.7137,3
-28.9591,-60.7210,0
-29.6970,-65.9213,0
-29.6889,-60.4050,3
-29.1401,-60.3136,0
-28.3712,-58.6314,0
-28.3290,-59.7432,0
-29.7877,-59.9191,3
-28.9440,-60.0404,0
-28.5240,-63.3830,3
-28.1883,-60.1631,0
-29.9224,-59.7520,3
-27.7452,-56.3109,0
-20.3702,-48.2299,0
 -7.5865,-50.3023,0
-28.5652,-60.1534,0
-28.7680,-58.6184,0
-29.7106,-60.8321,3
-30.0761,-59.5696,3
-28.3478,-59.7518,0
-28.1405,-63.3697,0
-30.0481,-65.2045,0
 -7.8862,-55.1446,0
-28.0809,-62.8722,0
-29.7775,-60.8237,3
-28.6956,-59.4701,0
-30.1165,-58.9410,0
-29.8673,-60.2060,0
-30.1664,-59.5843,0
-28.8338,-47.8068,0
-14.9566,-68.5799,0
-14.8034,-68.5722,0
-28.4798,-58.6702,0
-28.4912,-59.5430,0
-29.9151,-60.8018,3
-25.7023,-48.0159,0
 -6.5485,-41.6271,0
-28.6722,-62.7996,0
-29.3689,-63.0200,0
-14.9284,-68.5674,0
-25.9411,-48.0340,0
-28.3662,-60.2010,0
-25.8488,-65.0636,3
-28.5941,-59.4461,0
-27.2261,-67.7258,0
-28.2601,-59.7333,0
-29.1860,-58.4436,0
  4.4668,-22.5040,0
-28.5147,-63.3695,0
-29.9711,-60.7769,0
-29.1076,-47.3302,0
