-29.1343,-65.2718,0
 -3.2309,-45.9998,0
 -3.6896,-46.6590,0
-28.9691,-59.1694,0
-28.8579,-60.7402,0
 -2.2598,-68.1124,0
 -5.8483,-42.0934,0
-29.5321,-60.0935,0
-27.8401,-66.2582,0
-29.0945,-60.2754,0
-32.7602,-46.3328,0
-21.7288,-49.9460,0
-13.4775,-55.4789,0
-28.3975,-48.8504,0
-27.3525,-51.5982,0
-22.9559,-50.9108,0
-22.1565,-65.7802,0
-28.1727,-64.6313,0
-26.0916,-64.5314,0
-21.3402,-65.7667,0
-26.7644,-52.1427,0
 -3.2214,-47.2961,0
-13.2054,-53.2832,0
-28.9544,-60.7493,0
-27.9889,-66.3160,0
-28.0106,-65.1219,0
-28.9493,-64.6274,0
-24.8994,-48.9229,0
-29.5626,-58.6216,0
-19.4955,-52.6337,0
-28.2967,-65.1984,0
-27.7298,-67.1495,0
-28.4975,-61.7786,0
-28.2160,-64.9421,0
-29.8547,-59.2267,0
-12.0052,-57.8094,0
-25.2404,-50.9522,0
-25.1524,-51.2358,0
-15.0290,-55.1905,0
-27.9902,-48.4542,0
-23.6392,-66.8723,0
-27.7726,-66.2542,0
-28.9629,-60.3086,0
-28.3517,-49.0643,0
-28.8924,-48.3611,0
-29.9528,-58.5887,0
-14.5442,-56.4708,0
-28.6494,-64.2611,0
-26.1186,-64.5888,0
-22.1903,-65.7192,0
-28.0551,-65.2421,0
-13.3567,-53.2880,0
-26.8925,-62.8178,0
-17.9979,-66.9202,0
-28.6221,-61.3063,0
-14.0166,-55.4826,0
-29.4864,-60.6920,0
-28.6283,-61.5405,0
-28.6474,-48.7742,0
-27.0664,-51.3610,0
 -5.4903,-65.1571,0
-21.5689,-47.0897,0
-13.5733,-55.2561,0
-28.6169,-58.4874,0
-21.5663,-65.5879,0
-28.7659,-59.2450,0
-28.0299,-49.8820,0
-28.4615,-64.3854,0
-30.6459,-57.6493,0
-21.8429,-49.7711,0
-18.4805,-66.8207,0
-24.0414,-65.4785,0
-29.0870,-60.0484,0
-28.1406,-64.9498,0
-28.2006,-64.6766,0
-29.2678,-60.6837,0
-28.7231,-61.4448,0
-26.3324,-64.2829,0
-27.8041,-52.6420,0
 -5.7276,-42.4567,0
-13.2554,-53.3259,0
-13.6642,-55.1787,0
-28.9460,-61.2712,0
-26.8011,-52.1688,0
-28.8585,-59.1144,0
-23.5710,-46.5419,0
-21.7616,-49.9018,0
-21.0283,-66.6623,0
-29.0741,-60.2312,0
-29.1108,-49.0685,0
-17.1904,-60.4774,0
-28.9009,-59.0965,0
-28.5596,-48.8909,0
-28.9485,-61.5129,0
-13.5216,-55.2393,0
-24.8017,-48.8482,0
-27.7630,-67.1563,0
-28.3406,-48.8920,0
-20.6052,-47.5037,0
-28.0662,-65.2219,0
-13.1881,-53.3075,0
-22.1011,-46.2091,0
-19.7446,-52.6751,0
 -3.0324,-49.6905,0
-28.2806,-48.4405,0
-29.1486,-60.6951,0
-27.3668,-50.1371,0
-28.8908,-64.6670,0
-12.0005,-57.8435,0
-28.2461,-64.9230,0
 -8.5089,-53.8605,0
-22.9939,-51.0629,0
-28.5353,-61.1001,0
-28.0249,-48.5452,0
 -6.9147,-39.6417,0
 -5.5561,-42.3415,0
-27.0804,-51.3748,0
-27.1939,-51.7091,0
-26.9858,-67.5925,0
-28.1724,-64.6760,0
  4.3723,-77.0482,0
-21.3115,-65.8045,0
-29.0409,-60.3563,0
-29.5806,-57.9103,0
-24.7398,-54.1711,0
-21.5093,-65.6105,0
  3.1812,-37.5399,0
-28.5802,-61.5873,0
-28.8595,-60.6850,0
-29.0265,-65.2986,0
 -5.9206,-40.6435,0
-21.8234,-49.8307,0
-24.7264,-54.1680,0
-22.0425,-46.2336,0
 -5.8486,-42.1172,0
-28.5308,-61.8453,0
-27.8041,-52.5970,0
-29.0520,-59.9087,0
-24.2420,-53.1923,0
-28.3213,-49.0813,0
-27.6972,-67.1984,0
-13.3292,-53.3114,0
-27.9691,-66.3189,0
-29.1317,-60.1396,0
-12.0441,-57.5503,0
-13.5532,-55.0732,0
-28.3479,-64.6533,0
-14.0882,-55.5430,0
-28.1983,-48.5586,0
-28.8804,-58.9091,0
  2.6685,-70.2256,0
-24.8787,-48.9908,0
-21.7254,-65.7028,0
-29.9013,-58.4485,0
-28.7350,-61.2765,0
-29.4356,-63.4857,0
-27.2269,-51.6221,0
-28.8397,-59.0540,0
-28.0908,-64.9410,0
 -7.7161,-39.8871,0
-16.9742,-60.4828,0
-28.9316,-64.5833,0
-29.0542,-60.2411,0
-25.5104,-53.5363,0
-26.0531,-64.4798,0
-30.8715,-47.8218,0
-26.1858,-65.2368,0
-28.6188,-61.8151,0
-25.8547,-64.8531,0
-28.5404,-65.0328,0
-17.8558,-66.0361,0
-29.0939,-65.3397,0
-22.1422,-65.7827,0
-26.7664,-62.9613,0
-28.0525,-64.6437,0
-13.2388,-53.2824,0
-28.7023,-59.2551,0
 40.6230,-53.4849,0
-21.6554,-65.6855,0
 38.8843,-52.5253,0
-13.6566,-55.2761,3
-29.2609,-66.0270,0
-14.3175,-61.8039,0
-28.7953,-61.3969,0
 -8.3545,-54.9263,0
-21.7626,-49.8513,0
-29.0488,-60.3310,0
-28.1417,-64.9723,0
-21.0524,-66.4377,0
-28.5490,-61.3061,0
-21.9193,-65.7814,0
-17.0609,-60.4745,0
 -8.6749,-60.1284,0
-25.0957,-52.8078,0
 -5.4687,-42.6497,0
 -3.8029,-46.3449,0
-29.4259,-60.6286,0
-13.9078,-55.4960,0
-22.4062,-47.2605,0
-28.5369,-61.8320,0
-28.5198,-49.0027,0
-13.2045,-53.3291,0
-11.4681,-58.0810,0
-29.5500,-60.0924,0
-25.6687,-53.6215,0
-28.5289,-49.0197,0
-28.5495,-64.9708,0
-27.9858,-48.4758,0
  2.5661,-70.2236,0
-28.0116,-65.1816,0
-29.0557,-61.2682,0
-25.9577,-64.7527,0
-21.8220,-49.7503,0
-29.1188,-49.0324,0
-14.1628,-61.8442,0
-15.2095,-70.5322,0
-31.8200,-47.3018,3
-28.9314,-60.6945,0
-28.8441,-58.8733,0
-12.0109,-57.7781,0
-28.3263,-61.7235,0
-28.6492,-64.3180,0
 -5.7045,-42.3558,0
-17.7480,-67.1663,0
-31.8809,-47.5517,0
-15.3208,-70.5252,0
 -7.7075,-64.8850,0
-21.9038,-49.7815,0
-28.3339,-49.0193,0
-28.7091,-61.5263,0
-27.8307,-66.2799,0
-23.0406,-50.8774,0
-31.2970,-47.6196,0
-28.2012,-64.8014,0
-29.6096,-60.2084,0
-26.9794,-62.8876,0
-29.6806,-60.8089,0
 -5.6742,-42.4540,0
-29.1268,-65.1681,0
-13.3583,-53.2828,0
-27.3685,-67.5758,0
-13.5555,-55.1469,0
-15.3464,-70.2388,0
-22.0267,-65.7897,0
-27.9479,-65.0424,0
-29.3945,-60.5775,0
-21.7608,-49.9010,0
 -6.9978,-55.1710,0
-13.2057,-53.2548,0
-28.8732,-64.6898,0
 41.7176,-53.9562,0
-15.0819,-68.3766,0
-29.6004,-65.9823,0
-19.9999,-52.2240,0
-10.4855,-58.7272,0
-12.9968,-56.8769,0
-28.6117,-48.8847,0
-29.0569,-60.7876,0
-27.0717,-51.4021,0
-28.7826,-61.3028,0
-24.9438,-49.0414,0
-15.0004,-70.3611,0
-29.0395,-60.3755,0
-15.6557,-56.3996,0
-26.1393,-65.1662,0
-14.0149,-55.5229,0
-28.8162,-59.1401,0
-28.8167,-60.7491,0
-28.5279,-61.7588,0
 -5.8662,-42.0361,0
-11.9538,-57.4809,0
 -6.9956,-52.7158,0
-25.0115,-50.9118,0
-26.7655,-66.9300,0
-28.9391,-60.1955,0
-28.7754,-49.9891,0
-28.3234,-64.6536,0
-29.0701,-60.6767,0
-13.4830,-55.0657,0
-28.8286,-50.2561,0
-31.0060,-47.9020,0
  0.2480,-79.6889,0
-29.0957,-65.0245,0
-26.9458,-62.9327,0
-28.2091,-48.6071,0
-28.3441,-48.7880,0
-27.7326,-67.1801,0
-24.7421,-54.0805,0
-28.6309,-58.4916,0
 -7.5940,-54.3292,0
-26.0727,-64.5752,0
-29.2651,-61.2299,0
-28.5338,-61.6199,0
-29.2341,-60.3294,0
-28.9809,-50.0192,0
-21.6144,-47.1267,0
-29.1317,-49.0399,0
-28.1757,-64.6792,0
 -5.8362,-42.4885,0
 -7.5360,-53.9333,0
-29.4167,-58.6718,0
-27.8126,-52.8155,0
-21.5628,-65.6377,0
-25.1989,-51.0099,0
-28.9291,-60.7540,0
-24.9359,-48.9322,0
-28.5854,-61.8365,0
-21.7963,-49.9749,0
-13.2667,-53.2563,0
-17.1409,-60.5665,0
-25.5857,-53.7007,0
-29.0486,-60.2069,0
 -5.6305,-42.3870,0
-28.9693,-59.1567,0
-28.1504,-49.9491,0
 -3.4724,-46.7848,0
-20.9507,-66.5131,0
-11.3213,-58.3119,0
-22.1405,-65.7799,0
-29.1199,-65.3365,0
-27.6085,-65.8311,0
 -5.4704,-65.1625,0
-29.4604,-60.6457,0
-13.5550,-55.0794,0
 -2.7583,-49.3768,0
-28.7235,-64.8441,0
-28.5026,-61.3262,0
-27.8090,-52.5722,0
 -3.0382,-49.8975,0
-14.2970,-61.8558,0
-13.3593,-53.2664,0
-27.3766,-67.5542,0
-25.3824,-52.8923,0
-21.7983,-49.9477,0
-13.2063,-53.2412,0
-21.5892,-47.0530,0
-27.7738,-66.2466,0
-28.7292,-61.4496,0
-28.3420,-64.6823,0
-25.5104,-53.5362,0
  4.1991,-77.0441,0
-28.3839,-49.0942,0
-27.9270,-65.2400,0
-27.7000,-67.1593,0
-29.0012,-60.2051,0
-28.2534,-65.0004,0
-16.2694,-69.1482,0
-27.9842,-66.3213,0
-28.5975,-61.6665,0
-22.9721,-50.9947,0
  5.7981,-76.8917,0
-22.1880,-65.6934,0
-28.5033,-48.8281,0
-13.2060,-53.2554,0
-28.3215,-64.9997,0
-28.9615,-60.3700,0
 38.9093,-52.5262,0
-13.5407,-55.2777,0
-29.1810,-58.8039,0
 -5.8602,-42.1314,0
 -3.6384,-46.8137,0
-16.1835,-69.7154,0
-13.5110,-55.5550,0
-21.8375,-49.7116,0
-29.0280,-60.7136,0
-29.4879,-60.7116,0
-29.1237,-60.0803,0
-29.6354,-59.5790,0
-22.4314,-47.3547,0
-28.5060,-61.8449,0
-28.1497,-64.9342,0
-28.8924,-58.9087,0
 -5.6913,-42.5793,0
-30.3286,-48.1152,0
-25.1321,-52.8026,0
-15.0767,-70.3358,0
-12.0000,-57.8312,0
-29.0423,-60.2670,0
-20.8613,-66.4316,0
-27.7514,-67.2096,0
 -8.4064,-54.9834,0
-30.3524,-48.2172,0
-26.8280,-62.7162,0
-17.9033,-66.0945,0
-13.5205,-55.2365,0
-28.4257,-48.7087,0
-27.8534,-52.3737,0
-28.6144,-61.4875,0
-29.7514,-60.4146,0
-21.0142,-66.6661,0
-28.7982,-60.7739,0
-28.9244,-59.0934,0
-26.1856,-65.2373,0
-28.3784,-64.9219,0
-30.0288,-58.2255,0
-29.5752,-58.6482,0
-30.8939,-47.8418,0
-29.0841,-60.7042,0
-28.4152,-48.9514,0
-21.7976,-49.8748,0
 38.4821,-52.9863,0
-28.1649,-64.6258,0
-28.6106,-59.3883,0
-29.3482,-60.6553,0
-29.1065,-49.0264,0
-28.9487,-64.6660,0
-28.4982,-61.5896,0
-21.3659,-65.6626,0
-28.9052,-48.3202,0
-14.0162,-55.4749,0
-13.2491,-53.3178,0
-27.9691,-48.4482,0
-28.7009,-61.4107,0
-24.9208,-48.9675,0
-13.5793,-55.1193,0
-28.2483,-49.2150,0
-26.8739,-51.1863,0
-27.0796,-51.3753,0
-29.1766,-61.3233,3
-19.8558,-52.6704,0
-30.0482,-57.9755,0
-27.8397,-66.2936,0
-29.7094,-65.9932,0
-28.7520,-59.2577,0
-26.0261,-64.6735,0
-29.1569,-61.4284,0
-28.4255,-48.9524,0
-30.5192,-58.4651,0
-13.5840,-55.2473,0
-29.0892,-65.3454,0
-25.2562,-50.9458,0
 38.9219,-52.5081,0
-28.0523,-65.2446,0
-33.4399,-45.2939,0
-28.9614,-60.3705,0
-29.0469,-60.0882,0
-29.3530,-58.7544,0
-28.9007,-60.6894,0
-29.3945,-60.1334,0
