-36.1950,-64.7370,0
 -8.5136,-61.6419,0
 26.4473,-90.6573,0
-11.6427,-59.8295,0
-28.0478,-48.4442,0
-21.8254,-43.5941,0
-28.5149,-54.4312,0
-34.2378,-68.1938,0
 24.5280,-94.0164,0
-37.8014,-62.7070,0
-36.8131,-64.4162,0
-36.5538,-63.3648,0
-36.2846,-64.7228,0
-38.5706,-62.6095,0
-37.0944,-63.2832,0
-36.4401,-64.5070,0
 24.8056,-94.1326,0
-35.1623,-65.2550,0
-35.9432,-63.9004,0
 25.1658,-84.5318,0
 28.6449,-88.3011,3
-36.0537,-65.0878,0
-36.5426,-63.5311,0
-37.3589,-62.8331,0
-33.7825,-66.1070,0
-10.0002,-48.6214,0
 28.6904,-88.3428,3
-36.7669,-63.4905,0
-36.0519,-64.0489,0
  0.2139,-74.9302,0
 24.2058,-92.9947,0
 24.5641,-94.0171,0
-34.0947,-67.8756,0
 -9.8136,-59.9028,0
 23.7806,-94.0722,0
-20.8629,-43.9276,0
 -9.9135,-57.5844,0
-38.4847,-62.8102,0
 -5.5666,-63.8575,0
-34.0447,-65.9818,0
-33.7525,-66.1919,0
-34.9024,-65.2147,0
-40.8939,-67.3638,0
  5.2001,-76.8014,0
-21.8677,-43.2687,0
 24.8624,-93.0385,3
-26.0892,-49.0514,0
 28.8648,-88.3303,0
-11.5254,-57.0318,0
-10.0707,-48.4570,0
-35.2541,-65.0806,0
-36.1501,-64.7759,0
-35.0901,-65.1512,0
-28.5887,-54.4640,0
 26.4520,-90.6653,0
 24.4042,-93.9866,0
-36.0142,-63.8854,0
-26.7239,-57.8085,0
-10.2771,-54.5509,0
 24.9900,-92.9405,3
-37.0173,-63.2476,0
 25.5712,-92.4484,0
-12.5958,-55.5477,0
 24.1571,-92.8953,0
 -3.6424,-51.3073,0
-38.4912,-62.6651,0
-37.3199,-62.8031,0
-36.5288,-63.4745,0
 23.9043,-93.0242,0
 24.0655,-93.2084,0
-18.2094,-67.6115,0
-15.5315,-69.9818,0
-33.9617,-66.0174,0
-36.9418,-63.3752,0
-15.0243,-70.6154,0
 25.1679,-92.8997,0
-28.4739,-54.4743,0
 -3.2160,-51.3906,0
-28.3639,-48.1804,3
 24.8757,-94.0802,0
-36.2879,-64.6489,0
 25.8605,-83.7030,0
-20.6547,-43.8850,0
 26.4319,-90.6804,0
-36.6544,-63.4591,0
-10.0529,-48.5543,0
-15.5055,-69.8808,0
-28.5590,-47.9992,0
-37.5107,-62.8154,0
-28.2939,-48.0987,0
-11.8513,-76.0588,0
-36.0109,-63.7935,0
-11.5353,-56.6181,0
-36.1385,-64.2082,0
 23.6319,-94.6547,0
-18.6230,-67.2992,0
-28.5914,-54.4102,0
 24.5238,-94.0060,0
-37.0778,-63.2949,0
-37.8881,-62.6178,0
-36.5441,-63.3430,0
-12.5491,-55.6102,0
 -0.3831,-76.1872,0
 24.1405,-92.9812,0
-10.7194,-54.2816,0
 -9.8658,-57.4222,0
-39.8544,-63.4542,0
-11.3880,-56.6061,0
-35.8264,-63.6870,0
 24.5632,-94.0163,0
  2.9858,-56.5807,0
-10.0663,-48.6353,0
-35.3392,-65.1519,0
-27.9358,-48.5601,0
-21.9117,-43.5518,0
-28.5274,-54.4178,0
-37.0264,-63.2397,0
 -9.1704,-55.8008,0
-10.6404,-54.4258,0
-33.7674,-66.0973,0
 -6.8845,-62.4596,0
-37.2725,-62.9846,0
-10.0005,-48.6592,0
 26.4666,-90.6288,0
-36.6207,-63.3172,0
-36.0623,-65.0106,0
 23.8717,-93.3735,0
-36.5398,-63.5310,0
-36.3807,-64.7068,0
-36.3220,-63.8556,0
-11.8008,-76.1682,0
 -1.2259,-75.1748,0
-29.2683,-48.8260,0
-28.8476,-54.7173,0
-35.1784,-65.1756,0
-38.4215,-62.7785,0
-15.7405,-69.7426,0
-11.8286,-59.5322,0
-35.9597,-63.8373,0
 24.5215,-94.0110,0
-17.4705,-67.2602,0
-10.0842,-48.6439,0
-36.2829,-64.2637,0
-36.6108,-63.4347,0
 25.1649,-84.5492,0
-37.0015,-63.2977,0
-22.2173,-66.5219,0
-37.8647,-62.6940,0
-33.4679,-67.8709,0
-34.3858,-65.9437,0
-36.1039,-63.9913,0
 -3.0172,-68.7143,0
 26.0089,-91.1283,0
 24.4360,-94.5588,3
-36.4047,-63.8889,0
 26.4301,-90.6312,0
-37.3262,-62.7196,0
-16.0250,-69.6222,0
-10.0145,-48.6086,0
 24.0354,-93.2027,0
-39.5906,-63.3698,0
-18.7454,-67.2427,0
-11.5305,-56.8678,0
-36.5042,-63.5347,0
-36.9776,-63.2665,0
-28.3581,-48.4212,0
 24.5504,-94.4905,0
-35.9056,-63.9419,0
-36.7491,-63.4264,0
-35.1710,-65.1606,0
-34.9927,-65.1097,0
-36.4251,-64.6999,0
-28.3089,-49.6873,0
  1.2071,-61.4991,0
 -7.1840,-56.6576,0
-28.5742,-54.4608,0
 26.8600,-89.8319,0
 24.8750,-94.1645,0
-36.3042,-64.7194,0
-40.8149,-68.0650,0
-36.0787,-64.2228,0
 23.7618,-94.1326,3
-35.4987,-65.1495,0
 24.6194,-93.5703,3
-33.4414,-67.8440,0
 24.3100,-94.5708,0
-11.2915,-57.0833,0
 26.4630,-90.7111,3
-36.0112,-63.8158,0
-37.8678,-62.8068,3
 24.4862,-94.0014,0
-27.6980,-49.0329,0
-37.0077,-63.2619,0
-36.5919,-63.4323,0
 -9.7846,-57.4818,0
 24.6133,-93.5869,0
-25.6631,-59.4860,0
-38.5796,-62.6136,0
 23.7471,-94.1331,0
-10.0783,-48.5291,0
-35.9273,-63.8357,0
-35.3318,-65.1526,0
-15.3834,-70.0796,0
-38.0084,-62.7675,0
 24.1854,-92.9942,0
-36.0746,-64.0903,0
-36.3053,-63.8599,0
-27.2771,-55.9212,0
-36.2139,-64.6675,0
-37.2875,-62.8989,0
-37.4398,-63.1001,0
-35.0897,-65.1804,0
 25.1656,-84.5874,0
-18.2817,-67.5178,0
-27.7777,-55.7609,0
-28.0359,-48.4846,0
-33.7875,-66.1403,0
-36.4634,-63.5444,0
 24.1475,-94.6592,0
 26.1811,-92.1177,3
-36.9972,-63.2034,0
-10.0328,-48.6429,0
-28.8147,-49.2709,0
 26.4915,-90.6859,0
-33.8290,-66.9060,0
 24.5297,-94.0165,0
 24.0440,-93.2280,0
-36.2432,-64.8313,0
-37.9519,-62.6216,0
 26.2081,-92.1168,0
-28.4806,-54.4463,0
-19.9442,-44.1106,0
-36.0568,-63.8704,0
-36.4935,-64.1405,0
-33.8901,-66.0285,0
-25.7323,-59.9832,0
-12.4937,-55.5981,0
-37.6059,-62.7830,0
-27.5203,-55.5207,0
-36.8367,-63.3847,0
-37.3376,-62.9014,0
 25.1647,-84.5045,0
-35.9249,-63.9307,0
-35.7586,-64.0861,0
 24.4847,-94.0034,0
-15.4993,-69.8904,0
 23.6311,-94.6384,0
-36.4462,-64.3541,0
 25.9364,-91.1197,0
  5.1815,-76.8924,0
-36.6764,-63.6018,0
-35.1375,-65.1975,0
-33.8363,-67.2960,0
-38.4146,-62.8338,0
-36.0472,-63.5978,3
-28.4981,-54.4840,0
-36.3048,-63.8596,0
 -9.9984,-48.6136,0
-37.3920,-62.8946,0
 26.3885,-90.7125,3
 24.0426,-93.2025,0
-36.3423,-64.6713,0
-10.0792,-54.4734,0
-33.3948,-67.9387,0
-22.2027,-66.4986,0
 24.5473,-94.0123,0
-36.5810,-63.4158,0
-36.1979,-64.7569,0
 26.4656,-90.6256,0
 23.6210,-94.7145,0
-33.7432,-66.1106,0
-36.0762,-63.9944,0
-36.0932,-63.5644,0
-15.9301,-69.6768,0
-34.2202,-65.5797,0
 24.2167,-92.9087,3
-11.5547,-56.7355,0
 26.4673,-90.6880,0
-17.4371,-67.5261,0
-36.7072,-63.5000,0
-37.0136,-63.2355,0
-36.2839,-64.7970,0
-35.8633,-63.6345,0
-36.6459,-63.2685,0
-38.4911,-62.6637,0
-36.0323,-64.0018,0
 24.2328,-92.9145,0
-10.6133,-47.2877,0
-38.2512,-62.8122,0
-36.0832,-64.2363,0
 24.6327,-93.6625,0
-34.8082,-65.4129,3
 23.7732,-94.0467,0
-10.0452,-48.5836,0
-37.5840,-62.9557,0
 24.4943,-94.0115,0
 26.4103,-90.6703,0
-36.3874,-64.6018,0
-11.5527,-57.0382,0
-35.9268,-63.8300,0
-36.9634,-63.3545,0
-23.7917,-55.6115,0
 -9.1295,-56.0515,0
-37.3152,-62.9765,0
 24.8466,-93.0207,0
-28.0997,-48.4089,0
 24.1444,-92.9824,0
-34.7391,-65.5385,0
-16.7827,-61.0623,0
 24.4839,-94.0009,0
-36.4343,-63.8429,0
-37.0679,-63.2757,0
-10.0918,-48.6594,0
 26.3768,-90.6163,0
-35.1794,-65.1752,0
-10.6397,-54.3320,0
-21.8307,-43.5874,0
-36.5686,-63.4937,0
-25.7303,-59.8592,0
-36.0061,-63.9384,0
-12.6332,-55.5492,0
-35.8494,-63.6534,0
-36.1757,-64.7153,0
-10.0462,-48.5865,0
-28.5314,-54.4278,0
-13.7100,-60.9850,0
-36.3628,-64.6143,0
-34.2676,-68.4867,0
-15.7180,-69.7110,0
 25.9378,-91.1207,0
-11.8807,-76.0918,0
-36.4429,-64.4102,0
 24.5973,-93.5775,0
-33.4148,-67.7957,0
-37.9407,-62.6903,0
-11.4248,-57.0306,0
-12.4792,-55.6708,0
-35.1679,-65.2705,0
-36.0561,-65.0430,0
 25.1765,-84.5613,0
-10.0911,-48.5086,0
-35.9312,-63.6392,0
-36.6057,-63.4318,0
-17.4968,-67.6658,0
-33.7263,-66.1638,0
-36.4864,-64.7596,0
-37.2126,-63.1151,0
-35.8798,-63.9555,0
 24.5705,-94.0295,0
-37.3173,-62.8031,0
 24.8737,-94.0872,0
-38.4204,-62.7516,0
 24.3928,-93.3513,0
-13.8069,-73.6739,0
 26.4809,-90.6817,3
-27.9596,-48.8497,0
 24.7492,-93.1718,0
-36.6192,-63.3403,0
-36.7107,-64.2136,0
-10.0111,-48.6604,0
-28.4200,-49.6396,0
-35.1303,-65.1358,0
 -9.2546,-55.9271,0
-36.4689,-63.5326,0
-33.4447,-67.8696,0
-27.7599,-49.9859,0
-36.2200,-64.0419,0
-11.2758,-57.2389,0
-17.3251,-67.5196,0
-36.0073,-63.8608,0
-20.8928,-43.9515,0
-10.1029,-54.5811,0
-37.0192,-63.2497,0
-37.4777,-62.7135,0
 24.0639,-93.2119,0
 24.4887,-93.9867,0
-37.3171,-63.0780,0
 23.6406,-94.6384,0
 25.5746,-92.4275,0
 -2.5576,-74.2742,0
-28.1018,-48.3149,0
-40.8430,-65.9530,0
-25.7422,-59.9505,0
 28.6961,-88.3019,0
-35.2427,-65.0831,0
-35.4212,-65.1390,0
-10.0733,-48.6393,0
-33.6313,-67.2088,0
-10.1484,-54.4101,0
-28.5408,-54.5852,0
-36.9406,-63.2523,0
 26.4679,-90.6375,0
-35.9239,-63.9725,0
-29.0789,-54.9590,0
 24.3582,-94.5888,0
-34.6963,-65.1845,0
-28.4285,-49.3903,0
-35.8347,-64.3195,0
-36.1568,-65.0385,0
-36.6482,-63.4392,0
 25.9305,-91.1188,0
 -7.1196,-56.7483,0
-33.5236,-67.7401,0
 -3.5592,-51.6053,0
-36.0282,-64.2121,0
-19.2697,-67.0907,0
-33.8882,-66.6275,0
 23.8904,-93.3560,0
-12.5882,-55.5366,0
