-27.1230,-53.3583,0
-10.4313,-51.9541,0
-22.4559,-45.4361,0
-15.0228,-58.8791,0
-14.2971,-55.7075,0
-27.8682,-54.9559,0
-22.7417,-46.7527,0
-29.3279,-53.2515,0
 -9.1152,-52.1126,0
 -8.1058,-54.7897,0
-18.4860,-57.7320,0
-16.1466,-59.3235,0
-23.3059,-54.0432,0
-11.3931,-117.0723,5
-22.8234,-45.8701,0
-24.8107,-54.7120,0
 -8.2870,-57.3953,0
 -9.9291,-52.4533,0
-25.4469,-54.8770,0
-41.5546,-66.7292,0
-11.3930,-117.0720,0
-13.4484,-54.7539,0
-15.3797,-55.5045,0
-15.4526,-56.9832,0
-25.4352,-53.7507,0
-26.3674,-53.4944,0
 -9.4511,-52.6266,0
-27.0324,-54.8327,0
-14.2620,-57.9867,0
-11.3928,-117.0718,0
-29.2084,-53.1936,0
-25.4069,-51.2464,0
-14.8363,-54.5983,0
-26.8766,-50.1782,0
-24.9708,-54.6899,0
-22.8752,-45.7678,0
-25.6715,-55.4259,0
-21.5378,-54.1499,0
-13.3333,-55.1620,0
-33.5796,-66.2826,0
 -9.1544,-57.4528,0
-25.2461,-53.8861,0
 -8.4675,-56.4334,0
-28.0918,-54.7910,0
-22.4138,-44.7019,0
 -9.7022,-52.4776,0
-11.3926,-117.0720,0
-18.1578,-57.6260,0
 -8.7708,-55.4092,0
 -6.4335,-52.4762,0
-23.5008,-48.7549,0
-31.8506,-64.6741,0
 -9.8524,-52.5052,0
-10.4645,-51.8666,0
-13.0058,-60.6774,0
 -9.1272,-52.6474,0
-26.9771,-52.5721,0
-24.7459,-54.6161,0
-15.4337,-57.0527,0
-28.4356,-52.8836,0
-22.8968,-45.9321,0
-14.1976,-56.7806,0
-23.5088,-48.5297,0
-21.4636,-54.2216,0
-25.7530,-51.0720,0
-13.9971,-56.6111,0
-28.7024,-53.7177,0
-42.1677,-67.9787,0
-21.4574,-54.1718,0
-22.6001,-45.4719,0
 -8.7697,-55.4831,0
-16.2779,-59.2551,0
 -9.8399,-55.0788,0
-13.0062,-60.6237,0
 -8.4735,-56.5371,0
-24.8996,-54.7570,0
-17.8281,-45.6903,0
-14.0500,-56.7727,0
 -9.7130,-52.5944,0
-25.9408,-55.4616,0
-24.5593,-49.5528,0
-15.4490,-56.9690,0
 -8.4581,-56.6457,0
-10.8427,-51.8843,0
-17.1631,-61.6328,0
-11.4716,-117.0895,0
-26.9060,-54.8841,0
-10.7548,-59.2493,0
 -8.9003,-50.3431,0
 26.1194,-91.2725,0
-28.0392,-51.6551,0
-27.0101,-52.6446,0
 -8.7705,-55.4024,0
-24.6604,-54.6259,0
-14.6229,-69.8302,0
 -9.8313,-53.7987,0
 -9.3987,-52.6598,0
-10.4050,-51.8544,0
-24.9703,-54.6778,0
-15.0543,-52.9136,0
 -1.6147,-46.0596,0
-13.0052,-60.7047,0
 24.5397,-86.2387,0
-29.0703,-53.2747,0
-22.4064,-44.7530,0
-29.6102,-53.3864,0
-15.5111,-57.0438,0
-25.6729,-55.3475,0
-26.4998,-53.7452,0
 -8.1234,-54.7669,0
 -9.8514,-52.5331,0
-14.6736,-60.6427,0
-10.6163,-51.8396,0
-29.3272,-53.2418,0
-24.4805,-54.4705,0
 -8.3310,-57.4418,0
-10.5538,-58.2927,0
-25.4225,-53.6754,0
-31.8384,-64.5814,0
-29.1826,-52.6287,0
 -9.6690,-52.4496,0
-10.4629,-51.9349,0
-24.8188,-54.7102,0
 -8.7956,-55.6079,0
-42.3070,-69.0616,0
-13.0805,-60.6027,0
-26.9338,-55.9818,0
 -9.4149,-52.6139,0
-21.4584,-54.1976,0
-25.5635,-55.1224,0
-22.8522,-45.8788,0
-23.4986,-48.7857,0
-26.9089,-50.1751,0
-12.2469,-60.9635,0
-24.9668,-54.7689,0
-27.7450,-53.7410,0
-10.6700,-50.0020,0
 -8.8038,-52.0888,0
-21.5354,-54.1785,0
-15.4328,-57.0534,0
-24.7543,-54.6444,0
-10.6168,-50.7517,0
-26.9342,-54.8788,0
-11.4707,-117.0904,5
-14.0119,-56.7976,0
-29.7472,-53.5153,0
-22.9025,-45.7605,0
-22.6741,-45.2166,0
-14.2551,-56.7605,0
-27.3775,-53.2088,0
 24.9065,-85.8607,0
-11.4705,-117.0907,0
-14.9315,-54.6451,0
-28.0880,-54.9769,0
-14.2596,-57.9893,0
-31.7397,-64.5937,0
-25.2842,-51.2312,0
-24.8088,-54.7129,0
-24.3443,-54.2740,0
-11.4706,-117.0907,0
 -5.1010,-48.5927,0
-13.0052,-60.6561,0
-10.3889,-51.8075,0
-13.5167,-62.7728,0
 -7.5913,-59.1612,0
-24.6539,-54.5667,0
-17.8697,-66.0555,0
-23.7862,-54.4267,0
-15.4332,-57.0534,0
-23.3581,-54.0331,0
-27.0743,-52.8288,0
-14.9741,-89.8011,0
-11.4708,-117.0909,0
-21.3806,-54.2417,0
 -9.6541,-52.5558,0
 -8.7815,-55.4730,0
-29.3238,-53.1628,0
-28.7471,-53.6743,0
-11.1224,-106.6643,0
-26.9544,-54.8332,0
-13.2801,-48.1182,0
 -9.8516,-52.5423,0
-28.8850,-54.0356,0
-13.2688,-55.3741,0
-24.5224,-54.5944,0
-16.4369,-57.5915,0
 -8.8216,-55.3286,0
-13.3901,-55.1756,0
-14.0389,-56.7939,0
-24.8128,-49.9362,0
-11.1226,-106.6643,3
-24.4585,-54.6077,0
-22.5986,-45.5080,0
-21.4604,-54.1454,0
-42.0753,-67.4877,0
-11.1226,-106.6643,3
-10.3963,-51.8732,0
-25.7179,-53.8616,0
 -4.5327,-58.7651,0
-15.0190,-58.8761,0
-11.1227,-106.6644,3
-28.7264,-54.2772,0
-27.0059,-52.6310,0
 -8.5251,-56.9974,0
-10.3726,-60.4166,0
-15.7305,-54.0322,0
-15.4346,-56.9818,0
 -9.8700,-52.4866,0
-11.1227,-106.6646,3
-22.5263,-45.3584,0
-29.8674,-53.4903,0
-29.4687,-53.1939,0
 -8.3067,-57.3843,0
 -6.4873,-52.4697,0
-11.1227,-106.6645,3
-30.0721,-53.5871,0
 -9.7021,-52.4783,0
-15.2802,-56.9659,0
-11.1227,-106.6645,3
-26.8029,-56.1389,0
 -9.4471,-52.6558,0
-13.0063,-60.6333,0
 -9.1104,-52.5618,0
-24.2711,-54.2900,0
-27.9588,-53.6829,0
 -8.1048,-54.8041,0
-25.4036,-53.6811,0
-11.1228,-106.6647,3
-30.1842,-53.4398,0
-29.2708,-53.0509,0
-14.2616,-57.9876,0
-15.4340,-57.0536,0
-11.1228,-106.6646,3
-24.8848,-54.7380,0
-24.6648,-49.5498,0
 -1.1725,-48.1728,0
-17.9603,-57.8158,0
-22.8209,-45.8704,0
-24.6526,-54.6413,0
 -8.1285,-52.7646,0
 -2.9538,-46.4858,0
-25.7341,-55.3728,0
 -5.1013,-76.5806,0
-14.0169,-56.8005,0
-27.1740,-51.3116,0
-24.5762,-54.5296,0
-25.4067,-51.2402,0
-12.6124,-60.7527,0
 -8.9087,-50.3437,0
