-28.3910,-60.4712,0
 -8.2906,-55.0182,0
-28.1008,-60.5989,0
-29.0612,-59.5164,0
-25.5523,-48.1770,0
-27.9878,-60.3322,0
 -5.3610,-44.3334,0
-14.4597,-56.5097,0
-11.0440,-60.4692,0
-28.3331,-64.0629,0
-28.2446,-61.0657,0
-28.7885,-64.0658,0
-28.8006,-49.1332,0
-23.6737,-45.8891,0
 -6.7205,-55.9763,0
-28.6864,-58.9310,0
-29.9040,-65.4481,0
-28.6796,-63.8420,0
-28.6438,-59.8439,0
  4.2756,-23.2691,0
-27.5055,-62.3564,0
 -8.2681,-54.8630,0
-13.5838,-53.5213,0
-13.4879,-53.7944,3
 -3.4760,-59.4530,0
-29.3972,-62.5622,0
-28.4253,-60.0130,0
 -8.7194,-55.3697,3
-28.6481,-48.9584,0
-25.4981,-48.5081,0
-13.1969,-53.7301,0
-27.6804,-50.8231,0
-13.5732,-53.5341,0
-28.5753,-63.8399,0
-13.4752,-53.8705,0
-28.5487,-58.8478,0
-29.5546,-66.1480,0
-22.3479,-65.7999,0
-28.2451,-66.4536,0
-28.2299,-60.7028,0
 -8.7466,-55.3847,0
-28.9066,-64.0307,0
-25.9095,-65.0929,0
-28.6194,-58.8336,0
-28.9006,-59.7164,0
-28.6502,-60.1135,0
-14.3043,-56.4300,0
-23.8154,-52.0053,0
 -3.1234,-50.2636,0
-29.0685,-59.6274,0
-25.7317,-65.1896,0
-28.5456,-66.0323,0
-25.4363,-48.2835,0
-28.4250,-60.0375,0
-29.3922,-65.5489,0
-28.7833,-63.9814,0
  6.0784,-76.8374,0
-14.4290,-56.5117,0
-15.9285,-56.8425,0
-28.5456,-63.7099,0
-15.9152,-69.9945,3
-28.1767,-61.0335,0
-29.2597,-66.3578,0
-13.4927,-53.6035,0
-20.2219,-50.0676,0
-28.5377,-60.6309,0
-25.4041,-48.5551,0
-28.6652,-58.8839,0
-29.1638,-48.4446,0
-15.9179,-69.9921,3
-13.1656,-53.8752,0
-16.0008,-70.0446,3
-28.4925,-60.0010,0
-29.6020,-64.6906,0
-28.6861,-59.6728,0
-15.9815,-70.0251,3
-29.0233,-48.5593,0
-27.9583,-64.6855,0
-23.3650,-46.5046,0
-25.9514,-65.0274,0
  6.4674,-76.7599,0
-28.4992,-60.1768,0
-14.3215,-56.4917,0
-28.1713,-47.8008,0
-28.7454,-59.6187,0
-15.9845,-70.0188,0
-29.4482,-63.1962,0
-29.4132,-66.4415,0
-28.4278,-59.9239,0
-28.6573,-63.8222,0
-11.6701,-59.0893,0
 -6.7249,-53.1343,0
-29.5353,-63.6111,0
-25.4548,-48.5216,0
  6.0282,-76.7623,0
-28.5862,-60.1235,0
-28.9615,-64.0488,0
-28.6130,-58.9123,0
 -6.0593,-43.3687,0
-22.0058,-65.7745,0
-28.4256,-60.0128,0
  4.3711,-22.8994,0
-28.5879,-59.7433,0
-11.9878,-58.8073,0
-29.3206,-63.0359,0
-20.2675,-50.1240,0
-12.5384,-58.6308,0
-25.8066,-65.1805,0
-28.6257,-48.0108,0
 -7.1768,-54.5725,0
-28.7271,-63.8468,0
-14.3250,-56.4113,0
 39.6765,-51.1474,0
-25.5329,-48.3699,0
-28.2264,-51.3164,0
 -2.3134,-42.1766,0
-28.5041,-63.6798,0
-28.2973,-60.5672,0
-28.8289,-64.0438,0
-28.5468,-58.9077,0
-14.3727,-56.5381,0
-28.6535,-63.8295,0
-28.6395,-59.8030,0
-27.7996,-65.3081,0
-29.8710,-65.4118,0
-28.7039,-63.9103,0
 -5.9786,-43.2064,0
-28.7475,-59.5992,0
-28.7056,-58.8413,0
-23.0424,-46.6735,0
-28.2214,-61.1161,0
-17.5545,-65.9862,0
-28.6567,-60.4448,0
-28.3490,-59.9782,0
-20.4322,-47.8312,0
-14.3328,-56.4524,0
-29.5767,-63.5742,0
 -9.9250,-74.9854,0
-28.2090,-64.0251,0
-29.0987,-65.6949,0
-28.7236,-49.0405,0
-28.5858,-63.7349,0
-28.6353,-58.8932,0
-28.6488,-60.2054,0
-28.6889,-59.7085,0
-27.5281,-62.3521,0
-25.5234,-48.3853,0
-13.5236,-53.5795,0
-25.7925,-65.2220,0
-11.2050,-60.2185,0
-28.9929,-64.0448,0
-28.8112,-59.6088,0
-29.2037,-58.6031,0
-28.7266,-63.8636,0
-25.4646,-48.5014,0
 -3.1982,-50.3566,0
-27.7128,-50.7504,0
-27.9303,-65.1012,0
-28.4273,-59.9529,0
-28.6116,-60.0687,0
-14.3206,-56.4984,0
 -3.6511,-52.2947,0
-14.0358,-56.1408,0
-28.9943,-59.5608,0
 -6.5453,-42.9633,0
-28.5145,-60.0832,0
-28.5341,-58.8362,0
-21.5055,-66.3669,0
-28.3014,-63.6250,0
-28.5931,-63.8419,0
-13.4512,-53.6651,0
-29.2772,-60.0226,3
-28.3528,-60.6591,0
-29.5816,-60.1411,3
-23.3991,-46.4495,0
 -6.9147,-55.6335,0
-28.8345,-64.0573,0
-29.5722,-60.2332,3
-25.5941,-48.4326,0
-14.1507,-56.4707,0
-28.6859,-63.9003,0
-29.0175,-65.6582,0
-29.4543,-65.5261,0
-28.5864,-58.9194,0
-28.6236,-59.8058,0
 -6.4531,-42.9811,0
-27.7504,-64.7454,0
-14.4697,-56.5282,0
-28.5094,-59.7632,0
-29.9125,-60.1451,0
 -3.0728,-66.6124,0
-20.2636,-50.0753,0
-28.3887,-60.0279,0
-28.3146,-61.2003,0
-28.7928,-64.0574,0
-30.2081,-59.4113,3
 -8.5347,-54.8777,0
-25.5314,-48.4041,0
-22.6851,-49.7051,0
-29.1112,-63.3518,0
-29.8633,-57.3776,0
-27.1449,-67.7303,0
 -8.8057,-54.7817,0
-28.7852,-59.5906,0
-28.4916,-60.6474,0
-29.7817,-59.4941,0
 -5.2444,-44.4381,0
-30.3522,-59.2963,3
-14.3435,-56.5639,0
-28.7031,-63.8319,0
-28.0489,-64.4245,0
-30.4178,-59.2562,3
-27.7952,-50.7871,0
-28.3474,-60.0273,0
-28.9676,-64.0487,0
-28.1441,-61.1181,0
-25.5123,-48.5109,0
-30.5523,-59.3349,3
 -4.7956,-59.5816,0
-13.0717,-53.7884,0
-30.6061,-59.3649,3
-28.5267,-58.9737,0
 -3.6111,-52.2227,0
-29.6058,-64.6569,0
-30.5469,-59.3144,3
-29.1867,-58.0033,0
-28.4259,-59.9947,0
-28.6350,-63.7456,0
-30.5666,-59.3062,3
-14.1470,-56.5652,0
-20.2205,-50.1126,0
-28.5768,-59.7222,0
-30.5161,-59.1590,3
-28.6553,-60.1498,0
  4.0112,-26.8514,0
-28.2685,-60.6527,0
-25.7364,-65.1874,0
-30.6481,-58.9162,3
-28.8307,-59.6895,0
-25.4496,-48.3622,0
-28.4232,-60.1024,0
-14.3091,-56.4132,0
-29.4535,-62.3132,0
-27.4004,-62.3971,0
 -6.8003,-55.7669,0
-15.7916,-56.5446,0
-13.8021,-62.6047,0
-28.7541,-63.8343,0
-13.4226,-53.8707,0
-20.4864,-47.8633,0
-18.2568,-65.7760,0
-28.5332,-63.7408,0
-28.1036,-60.5104,0
-30.5353,-58.9330,0
-28.4902,-58.9021,0
-14.3724,-56.5423,0
-28.5555,-66.0911,0
-29.0556,-64.0137,0
-28.6594,-59.7681,0
-28.6577,-63.8341,0
-25.5330,-48.3716,0
-14.3848,-56.4107,0
-28.6529,-59.6488,0
-29.3832,-66.4786,0
-28.4279,-59.9245,0
-28.7074,-58.9349,0
-29.5200,-65.4642,0
-25.8027,-65.2250,0
-28.8882,-63.7212,0
