-31.4680,-57.7444,0
-32.0311,-57.3362,0
-31.5301,-59.8861,0
-32.4045,-55.0228,0
-32.8694,-52.9524,0
-31.6906,-61.3758,0
-33.3731,-50.8899,0
-32.2849,-55.2990,0
-31.7449,-59.6383,0
-31.6033,-57.7517,0
-34.1492,-50.0873,0
-31.9828,-60.6922,0
-31.7523,-55.6359,0
-33.8061,-50.4741,0
-33.7457,-50.4866,0
-32.6751,-53.5310,0
-31.7040,-57.1835,0
-32.7815,-55.7181,3
-33.5152,-52.0623,0
-32.2803,-57.9416,0
-33.9709,-49.6236,0
-31.8286,-60.9421,0
-32.8841,-56.0890,3
-31.7976,-55.2406,0
-32.7373,-54.9939,0
-31.2601,-61.8631,0
-32.3743,-53.9990,0
-32.0120,-54.7969,0
-10.4732,-54.3415,0
-31.6272,-58.8577,0
-33.9187,-50.1734,0
-32.9747,-55.8481,0
-31.9465,-54.8534,0
 -9.5832,-55.4879,0
-32.2635,-54.2241,0
-32.2830,-54.7209,0
-16.1082,-62.2626,0
-32.9916,-56.6283,3
-31.9355,-54.8099,0
-31.8075,-55.7738,0
-31.9441,-59.4781,0
-33.5732,-50.8175,0
-31.4420,-58.6559,0
-32.3285,-53.8617,0
-31.9903,-57.5178,0
-33.1566,-56.4704,3
-31.6980,-57.4120,0
-33.5832,-50.6123,0
-31.8985,-60.9618,0
-32.7779,-52.9329,0
-31.7369,-58.3096,0
-33.4987,-50.7419,0
-33.2051,-56.2882,3
-32.0248,-59.3146,0
-30.7900,-55.7754,0
-33.9122,-50.3107,0
-31.5572,-58.8709,0
-31.9069,-57.8669,0
-31.8344,-60.9417,0
-31.5041,-58.0718,0
-31.3447,-61.8366,0
-33.2962,-56.1853,3
-33.7358,-50.2537,0
-32.2756,-59.2959,0
-33.0065,-52.6800,0
-32.6997,-53.1288,0
-31.5345,-57.2801,0
-33.4003,-56.1646,3
-33.9969,-50.0867,0
 -9.5854,-55.1654,0
-31.6637,-61.4301,0
-33.4413,-56.0898,3
-10.9604,-52.8045,0
-33.5465,-50.6225,0
 -3.1196,-41.0501,0
-31.5394,-55.7851,0
-33.5417,-56.0380,3
-31.7196,-57.6555,0
-31.2607,-61.8641,0
-17.1621,-60.6488,0
-33.8338,-50.3104,0
-33.5868,-55.8158,3
-33.7434,-50.5508,0
-33.7666,-56.3752,3
-31.6528,-59.8629,0
-33.5723,-55.6862,3
-32.0125,-54.7980,0
-33.7150,-56.6241,0
-33.9949,-49.6235,0
-33.6280,-55.6748,3
-33.6293,-55.6400,3
-31.6770,-57.8286,0
-32.4501,-54.0803,0
-33.3393,-50.8111,0
-33.8731,-50.1278,0
-33.4861,-55.5006,3
-33.2511,-52.3075,0
-14.6868,-58.3426,0
-33.0323,-52.4247,0
-33.7829,-55.2198,3
-33.9826,-54.9483,3
-34.0353,-54.6139,3
-31.2605,-61.8636,0
-34.5190,-55.6744,0
-33.4297,-55.2620,3
-31.5575,-59.2313,0
-34.1140,-54.2704,3
-10.4956,-54.4372,0
-32.3442,-54.1202,0
-33.7305,-55.5526,0
-34.0482,-54.5218,3
-33.4737,-55.1271,0
-33.5475,-50.5523,0
-31.8945,-55.0360,0
-34.1627,-55.3085,0
-10.5269,-54.3523,0
-34.1949,-54.2897,0
-31.8519,-59.6228,0
-33.7048,-50.4604,0
-33.5215,-54.7055,3
 -7.4144,-56.9868,0
-32.1175,-54.6711,0
-31.2595,-61.8762,0
-32.2864,-54.1823,0
-34.0755,-50.0279,0
-31.5954,-58.1264,0
-13.7853,-58.3417,0
-33.6413,-50.6837,0
  3.4121,-79.5180,0
-31.8179,-60.8611,0
-33.9346,-51.8926,0
-32.7069,-53.1804,0
-33.7568,-50.3374,0
-32.4255,-54.6145,0
-32.4939,-53.4582,0
-33.4225,-54.3847,0
 -7.8302,-57.0925,0
-10.6712,-53.7658,0
-31.7565,-59.5763,0
-33.5536,-49.7214,0
-14.5538,-64.2236,0
-32.3881,-59.4821,0
-31.5299,-57.1131,0
-33.1888,-52.3641,0
-32.4178,-53.9025,0
-31.8886,-58.7802,0
-32.7922,-52.9657,0
-31.8685,-57.1037,0
-34.0046,-49.6184,0
-33.9072,-50.3855,0
-31.5295,-57.6745,0
-33.5143,-52.0622,0
-34.1304,-50.1410,0
-31.8006,-57.8198,0
-24.2426,-65.7715,0
-31.4731,-61.4552,0
-11.7357,-52.3342,0
-32.4287,-59.5958,0
-33.7486,-50.2638,0
 -0.9462,-47.5559,0
-33.4613,-50.6576,0
 40.5390,-62.2496,0
-32.0553,-55.0564,0
-33.9525,-50.1719,0
-31.8099,-60.9455,0
-32.2410,-54.6576,0
-33.9672,-51.6394,0
-31.3392,-61.8569,0
-32.4152,-54.0133,0
-33.6726,-52.0300,0
-33.4925,-50.8464,0
-31.9753,-54.7339,0
-31.5747,-59.8526,0
-32.5148,-53.6705,0
  1.8008,-33.8935,0
-31.6546,-56.2316,0
-33.7472,-50.4450,0
 -4.0408,-39.0160,0
-31.2595,-61.8632,0
 -9.5809,-55.4884,0
-32.3657,-59.2191,0
-31.7252,-61.4161,0
-16.6210,-60.7011,0
-33.5151,-50.6327,0
-33.4273,-50.8698,0
-31.3226,-61.8523,0
-31.6062,-57.6569,0
-32.0986,-54.7729,0
-10.5383,-54.3512,0
-32.0623,-57.4523,0
-33.2380,-52.2556,0
-33.6771,-50.2782,0
-34.0017,-49.6196,0
-10.8762,-53.2725,0
-31.5434,-57.2726,0
-31.9238,-56.9175,0
-34.0047,-50.0171,0
-31.8945,-59.1861,0
-14.6758,-59.3716,0
-31.6799,-61.3443,0
-32.3149,-54.0613,0
-33.9167,-50.2020,0
