-17.2865,-67.3972,0
 -7.4835,-62.6189,0
-36.4614,-63.5736,0
 26.7735,-90.2306,3
-20.9831,-43.5024,0
-33.4910,-66.9871,0
 -3.5446,-51.9274,0
-37.9479,-62.2713,0
-27.5260,-49.4124,0
 26.0178,-91.2954,3
-27.1020,-49.4650,0
 23.9617,-88.1705,0
-18.9510,-66.9724,0
-27.7761,-49.4284,0
-36.0919,-64.2481,0
-33.6550,-66.0716,0
-36.8953,-62.9612,0
-35.5167,-64.6668,0
 26.0518,-91.2615,0
-16.4257,-68.3032,0
-39.9222,-62.8193,0
-33.8745,-68.0415,0
-16.4355,-68.2501,0
-41.0144,-63.0185,0
-35.9165,-64.2899,0
-36.3516,-63.6644,0
  5.1823,-76.8698,3
-15.9535,-69.2813,0
 25.3520,-84.2425,0
-36.0029,-64.7016,0
-37.0941,-62.6372,0
-36.1546,-64.0535,0
  0.5275,-46.1605,0
 24.1512,-93.6889,0
  5.1573,-76.8198,0
 24.7676,-93.8063,0
-36.8555,-63.0074,0
-35.7033,-64.5967,0
 26.7248,-90.1837,3
-35.9956,-64.2520,0
 25.0232,-93.4195,0
-33.8179,-67.6228,0
-37.1183,-63.0237,0
-35.2442,-64.6274,0
-29.3445,-54.4006,0
-36.3892,-63.4745,0
 26.8920,-90.2698,3
-33.1575,-67.8718,0
-35.8333,-64.3772,0
-36.1175,-64.6210,0
-35.3859,-64.6078,0
-35.8155,-63.6560,0
-36.0883,-63.9534,0
 26.6034,-90.1059,0
-19.6788,-43.9999,0
-36.9479,-63.0458,0
-35.6315,-64.4658,0
 26.9191,-90.3143,0
-22.1677,-66.2205,0
-36.4294,-63.3684,0
-35.2508,-64.6931,0
-35.8920,-64.4017,0
-40.8918,-67.5621,0
-15.9949,-69.2800,0
 -2.3212,-33.2989,0
 26.6303,-90.1610,0
 24.8160,-93.9228,0
 24.6886,-93.2354,0
-36.4634,-63.5414,0
-33.2380,-67.7978,0
-35.6047,-64.6343,0
-11.8485,-59.5506,0
-26.0785,-59.3900,0
-34.7230,-64.6301,0
-35.9403,-64.4896,0
-22.2503,-66.2360,0
 25.4568,-91.5282,0
 26.6684,-90.1111,0
-35.8993,-64.3065,0
-28.3228,-56.5635,0
-36.1763,-64.2839,0
-27.9526,-49.5110,0
-33.6292,-67.6669,0
 23.9546,-94.0465,0
 24.3223,-94.1527,0
-35.2466,-64.7814,0
 23.7134,-94.3541,0
-35.8098,-63.7248,0
-28.4777,-53.8362,0
 23.6527,-94.6356,0
-11.7022,-57.3568,0
-36.9952,-62.8984,0
-20.9725,-43.4478,0
 23.0856,-94.7913,0
 24.1605,-93.0966,0
  4.4375,-62.4020,0
-33.1538,-67.8815,0
-36.2937,-64.5563,0
 26.6650,-90.1177,0
 -6.6292,-56.1608,0
-29.1973,-54.2945,0
 29.2373,-87.8261,3
-15.9399,-69.3535,0
 24.0224,-93.3846,0
-10.4846,-47.5539,0
 29.1756,-87.8226,0
-36.3436,-64.0720,3
-34.5460,-65.3544,0
 25.2824,-84.2728,0
 24.2761,-94.2645,0
 26.6701,-90.1978,0
 23.8419,-93.6830,0
-25.8015,-50.4861,0
-35.4183,-64.6910,0
 -8.8868,-56.5998,0
-34.8622,-64.5799,0
-35.8937,-63.5649,0
-36.4589,-63.4791,0
-36.1121,-64.4787,0
-36.0707,-64.2534,0
-27.9973,-49.5875,0
-37.0960,-62.9398,0
-36.3498,-63.6699,0
-35.8597,-64.4195,0
-38.1310,-62.3039,0
-40.1944,-62.3736,0
-28.3692,-56.6245,0
-36.5098,-63.1390,0
-36.8680,-63.0094,0
-19.1051,-66.9292,0
-36.3587,-63.9847,0
 26.6605,-90.1867,0
-27.2003,-49.4244,0
-36.3716,-63.6435,0
 24.8828,-93.7556,3
-36.0682,-64.3732,0
 -9.6054,-57.7529,0
-35.8010,-64.7715,0
-24.0489,-55.4518,0
-33.2160,-67.7996,0
-35.3404,-64.5652,0
-29.3062,-54.5677,0
-35.7170,-63.5957,0
  6.0204,-62.2332,0
 -7.1408,-57.2823,0
 24.9534,-93.6307,0
-35.9953,-64.2900,0
-36.0747,-64.0865,0
 -6.0006,-55.9484,0
-28.1869,-48.1307,0
-39.8753,-62.9151,0
-36.5480,-64.1944,0
-36.9559,-63.0330,0
-21.0462,-43.6236,0
-34.7309,-64.5818,0
 26.7304,-90.2090,3
-22.1715,-66.3241,0
-27.6222,-49.3852,0
-35.2045,-64.8058,0
-19.7477,-44.0876,0
-35.7060,-64.5826,0
-37.0892,-62.8437,0
-36.8334,-62.9902,0
 -7.1278,-57.3513,0
 24.9047,-93.4273,0
 23.9428,-93.9022,0
-35.8388,-63.6217,0
 26.6674,-90.1353,0
-35.7662,-63.7592,0
 -6.1650,-55.9131,0
 -1.3133,-75.3533,0
-36.0026,-64.2022,0
 24.1898,-93.7785,3
-19.0977,-66.9827,0
-36.3684,-63.6329,0
-36.6343,-63.3749,0
 24.7320,-93.8796,0
-35.7682,-63.6640,0
-33.1573,-67.8957,0
-36.0506,-64.5955,0
-35.9179,-64.2522,0
 24.1749,-93.6822,0
 23.9929,-93.4235,0
-20.9328,-43.4714,0
-27.7601,-49.4206,0
 26.6941,-90.1362,3
-37.3842,-62.4215,0
-16.4201,-68.1613,0
-35.9947,-64.2903,0
-36.4111,-63.5421,0
-37.0757,-62.9523,0
-12.0212,-59.3522,0
 -6.6618,-56.2408,0
-35.8189,-63.6701,0
  2.2700,-31.7228,0
-35.7824,-64.5092,0
 24.2653,-94.2119,0
-35.2573,-64.7180,0
-36.1163,-64.0304,0
 25.2854,-84.3221,0
 -7.1560,-57.1941,0
 23.7045,-94.3123,3
-28.2117,-48.1350,0
-34.5226,-64.7243,0
-36.3892,-63.6504,0
-37.2154,-63.0007,0
-29.3365,-54.4391,0
-33.2318,-67.8164,0
 25.6887,-92.5106,0
-35.8213,-63.4921,0
 24.9795,-93.9226,0
 23.7265,-94.2676,0
-36.1403,-63.9152,0
 26.6645,-90.1762,0
-39.8409,-63.0127,0
-36.4019,-63.4620,0
-26.0415,-59.3020,0
-36.3082,-63.6651,0
-36.0780,-64.4672,0
-34.7699,-64.6643,0
-28.6054,-53.9007,0
-35.5717,-64.5603,0
 26.6065,-90.1936,0
-13.9660,-72.8554,0
-35.9363,-64.3290,0
 24.7733,-93.8223,0
-35.9872,-64.5773,0
-36.8939,-62.9874,0
 24.0986,-93.3802,3
 -6.8177,-57.5757,0
-35.8435,-63.7390,0
-20.9870,-43.4915,0
-36.1466,-64.0786,0
-11.6568,-56.9505,3
-27.5475,-49.4278,0
 26.7228,-90.2267,3
 26.4007,-91.7078,3
-37.0811,-62.6437,0
 25.3894,-92.7068,0
-11.6433,-56.9306,3
-36.4037,-63.5401,0
 24.1820,-93.3236,3
-35.8621,-64.4980,0
-33.2345,-67.7989,0
-29.2918,-54.3856,0
-28.3550,-56.5657,0
-36.0784,-64.1309,0
 26.5592,-91.7268,0
-35.2206,-64.6121,0
-33.9984,-65.0390,0
 -6.9543,-56.9955,0
-33.4797,-67.1051,0
 23.8107,-94.1010,3
 24.6417,-93.8086,0
-37.0367,-62.9100,0
-11.6153,-57.1305,0
 24.0108,-94.0912,0
 24.9517,-93.9729,0
-33.6046,-66.5247,0
-34.2210,-64.7774,0
 24.1271,-93.0875,0
-34.6292,-64.6051,0
 25.4570,-91.4949,0
-17.1318,-67.4264,0
-22.1779,-66.3018,0
-34.8707,-64.6198,0
-35.9931,-64.5711,3
-35.1802,-64.6114,0
 26.6701,-90.1282,0
-27.8080,-48.4079,0
 23.4809,-94.8784,0
 24.4381,-94.2358,0
-36.0928,-63.9396,0
-27.8062,-55.1470,0
-36.4604,-63.5994,0
-36.0770,-64.3673,0
-35.2513,-65.0690,0
-37.1618,-62.9285,0
-20.4377,-42.7464,0
 -6.9430,-50.5633,0
 24.7627,-93.8866,0
-35.4406,-64.7959,3
-11.8503,-59.4757,0
 25.3221,-84.2935,0
-35.9126,-64.3577,0
-36.8874,-62.9235,0
-35.5359,-65.4573,3
 24.9081,-93.4368,0
-35.5492,-65.5381,3
-28.7798,-48.8216,0
 24.1381,-93.7026,0
-36.0694,-64.2527,0
-35.5760,-65.5536,3
-35.4188,-64.7621,0
-35.4229,-64.5734,0
-35.5599,-65.6071,3
-35.2488,-64.7263,0
-35.7843,-63.5641,0
-35.6200,-65.6688,3
-36.5004,-63.5459,0
-36.0503,-64.0923,0
-36.8535,-63.0516,0
-26.0728,-59.4103,0
-15.7828,-69.6498,3
 -7.4398,-58.7243,0
-37.0856,-62.7913,0
-35.7795,-65.7820,3
-33.2228,-67.8085,0
-35.7032,-64.5652,0
-35.0645,-65.5238,3
 23.9289,-93.8648,3
-36.1020,-64.4640,0
-15.7718,-69.6416,0
 26.6885,-90.1758,3
 29.0553,-87.8649,3
 23.9911,-93.3965,0
-35.8396,-63.6528,0
-35.6872,-65.4753,0
-19.0905,-66.9489,0
-35.2613,-64.5987,0
 24.0056,-93.9152,0
-36.0847,-64.0515,0
-35.8663,-65.8781,3
-27.1500,-49.4184,0
 28.8616,-87.9681,0
-36.3776,-63.5576,0
 29.1040,-87.8527,0
 23.7463,-93.7859,0
-28.2196,-49.3612,0
-36.9297,-63.0592,0
-35.9462,-64.2311,0
 24.2829,-94.1816,0
 26.6655,-90.0949,0
 24.7086,-93.2719,3
-35.0245,-65.5430,0
