-14.8526,-55.3501,0
-27.7705,-53.2451,0
-40.6064,-64.1193,0
-20.8066,-53.1166,0
-26.9799,-55.0456,0
-20.5174,-54.1114,0
 -8.3415,-54.5388,0
 -8.2375,-58.1325,0
-11.1429,-52.2408,0
 -9.4475,-56.0725,0
-14.1058,-70.5482,0
 27.2783,-91.6398,0
 -8.2947,-52.6496,0
 -7.8667,-53.5693,0
-34.9116,-68.4688,0
-10.1602,-61.9851,0
-22.2512,-42.6378,0
 -9.6088,-55.8073,0
-15.0920,-56.8543,0
-33.4029,-66.0082,0
-10.0519,-55.6238,0
 -6.3374,-54.1783,0
-13.2696,-42.1707,0
-27.8488,-53.3373,0
-34.3035,-68.6746,0
-34.6999,-68.6733,0
-25.8835,-59.9281,0
-13.3103,-51.0409,0
 -3.2196,-46.9680,0
-26.9055,-53.7892,0
-13.6702,-59.8982,0
-10.3052,-55.2577,0
-26.2771,-52.5282,0
 -8.7403,-53.3928,0
 -8.3482,-54.6894,0
-35.5316,-67.8324,0
-15.0245,-59.2696,0
-14.6024,-45.1840,0
-26.7257,-56.7085,0
 -0.7800,-73.6624,0
-27.7742,-53.0984,0
-16.5730,-58.7925,0
-11.4976,-49.5689,0
 -8.3885,-55.3432,0
 -9.7465,-54.4266,0
-11.0826,-58.0170,0
-28.3304,-53.1962,0
 24.6350,-95.8003,0
-14.2029,-62.4851,0
 -6.8068,-53.9059,0
-34.3056,-68.5279,0
-10.4420,-49.6994,0
 -3.6344,-48.8025,0
 -9.0942,-56.0307,0
-28.6062,-51.8357,0
-10.4206,-55.2407,0
-27.2862,-51.7214,0
 24.6367,-85.5276,0
 27.0474,-91.7641,0
-25.2688,-59.7030,0
-40.8097,-64.0187,0
-10.3897,-49.8277,0
-24.0227,-51.2520,0
 -2.6658,-46.7885,0
-13.5104,-55.9522,0
 -9.8399,-54.4687,0
 -7.9219,-53.6847,0
-27.7441,-55.0256,0
-13.7109,-59.9600,0
-22.4107,-42.7586,0
 -8.6319,-53.2057,0
-10.2867,-55.1512,0
 -8.2880,-52.5718,0
-16.8109,-56.8902,0
-15.0775,-69.3815,0
-14.8144,-55.3856,0
 -9.3374,-53.9664,0
 -9.1489,-56.0941,0
-26.7328,-54.4113,0
-22.4624,-42.6583,0
-35.5981,-67.5640,0
-20.2188,-65.8429,0
-16.4019,-69.7961,0
-13.1087,-60.2279,0
 23.5351,-94.3954,0
-28.0389,-52.5582,0
-15.0385,-58.3061,0
-26.7314,-56.9012,0
-26.7870,-54.6337,0
-26.8049,-55.0682,0
-16.3022,-56.9978,0
-14.5585,-57.3529,0
 -9.1667,-55.8881,0
-14.4942,-69.9293,0
-25.1653,-59.7257,0
 -7.8194,-54.6553,0
-28.4163,-53.5652,0
  2.8198,-77.5232,0
-29.4657,-51.8335,0
-10.4865,-49.8298,0
 -8.4204,-54.6885,0
 -9.4885,-56.0092,0
 -8.3348,-55.3475,0
 -9.6680,-61.4613,0
-17.5697,-67.2850,0
-19.3204,-65.4387,0
-29.1646,-51.7376,0
-21.2660,-53.2247,0
-12.4133,-54.3300,0
 -9.1863,-62.6274,0
 24.2447,-95.9902,0
-11.4649,-49.8022,0
-16.5140,-63.5709,0
-26.7220,-56.6349,0
-27.0616,-52.6330,0
 -7.6481,-57.6160,0
-10.0140,-47.2266,0
 -8.6449,-53.3490,0
-26.5585,-52.4924,0
 -8.9244,-56.1096,0
-14.0555,-57.6857,0
-13.4154,-59.8652,0
-13.7269,-59.8238,0
 -8.1110,-53.7588,0
 -9.8420,-53.2938,0
-11.0027,-58.5025,0
-14.8723,-69.4026,0
-13.3003,-51.0420,0
-28.8616,-52.3411,0
-10.3896,-55.1559,0
 30.3244,-96.6918,0
-24.4642,-48.9872,0
-40.8742,-63.8000,0
-25.7547,-55.6688,0
 -9.5437,-53.4075,0
-13.9716,-59.8637,0
 -8.3454,-52.6104,0
-26.2243,-59.3740,0
-13.0855,-60.2296,0
 -8.4758,-53.1141,0
-11.3843,-57.9783,0
-14.5275,-57.5875,0
 24.8289,-85.6137,0
-12.4093,-54.5812,0
 -9.9656,-55.5517,0
-34.7353,-68.6357,0
-15.4211,-58.4848,0
-11.0797,-57.9418,0
 -0.6299,-74.2080,0
-27.9729,-54.7949,0
 -8.2251,-52.5333,0
-20.8305,-53.1045,0
 -4.0268,-48.7532,0
-26.6107,-56.8360,0
-26.3180,-52.5527,0
-10.4967,-55.0982,0
-29.2453,-51.4010,0
-15.0188,-59.2818,0
-10.3486,-52.9622,0
-26.7589,-52.5651,0
-28.3027,-53.4776,0
-14.2541,-59.4829,0
-10.6611,-54.9861,0
-13.4679,-59.7517,0
-27.8883,-55.0184,0
 -7.7741,-56.2487,0
-28.0452,-52.6748,0
-10.4296,-49.7373,0
 -9.2455,-61.3933,0
-25.0720,-57.0553,0
-13.4080,-41.9296,0
 -8.2376,-58.1142,0
-27.0174,-52.3716,0
-16.8517,-56.8792,0
 -9.6459,-55.9144,0
 -8.2162,-54.5509,0
-25.7780,-50.1976,0
 -9.4416,-58.0888,0
-15.3108,-56.9772,0
-15.5279,-58.5477,0
-20.5367,-65.8310,0
-14.8962,-55.3795,0
-15.2945,-55.9328,0
-12.7133,-42.3752,0
-13.7907,-59.6200,0
 -7.6308,-60.3562,0
-27.1600,-53.7456,0
 -9.5989,-67.1348,0
-14.4303,-57.6710,0
 -3.0252,-49.4362,0
 -7.6721,-54.5888,0
-34.9410,-68.4704,0
-26.8680,-50.6166,0
-18.0847,-68.4085,0
 -9.9495,-58.3640,0
-34.6992,-68.6732,0
-14.8536,-55.3078,0
-27.8740,-52.9785,0
-26.8037,-54.5382,0
 -6.8610,-53.9114,0
-20.2943,-65.8691,0
-11.4204,-49.5846,0
-35.5955,-67.6551,0
-11.5815,-49.6444,0
-15.1554,-59.2723,0
 -8.1333,-56.6763,0
-41.2817,-66.3070,0
-24.7120,-50.3492,0
 -6.2227,-53.1925,0
-15.2584,-54.3414,0
 -8.3558,-53.0188,0
 -2.5123,-47.0640,0
 -8.1687,-51.2031,0
-23.6722,-54.5732,0
 -9.1199,-56.0172,0
-13.0236,-60.2399,0
-29.3402,-51.8962,0
 -8.2852,-52.6078,0
-22.6923,-44.9973,0
 -9.8488,-58.2995,0
-34.3034,-68.6191,0
-20.7788,-53.1216,0
-24.2202,-54.8596,0
-34.6609,-68.4937,0
-22.1397,-44.1591,0
-25.2477,-59.7233,0
-15.3780,-55.8047,0
-14.9519,-59.3536,0
 -2.8820,-51.8334,0
-16.3020,-56.9466,0
-27.8447,-53.0910,0
-29.1881,-51.8546,0
-20.5087,-54.0690,0
-16.6403,-70.3379,0
-13.7187,-59.9377,0
-34.6527,-68.4522,0
-17.8849,-57.2448,0
-10.7973,-56.1598,0
-14.7755,-55.3174,0
-22.1856,-42.6508,0
 23.5419,-94.3839,0
-10.3872,-49.8345,0
-34.2231,-68.7178,0
 22.7319,-95.2476,0
 -8.5113,-61.8708,0
 24.8097,-85.5513,0
 -8.0436,-55.7674,0
-15.4795,-59.8247,0
 -8.7637,-57.0097,0
-35.0781,-68.3519,0
-14.1857,-59.5365,0
 -7.8893,-55.1651,0
 25.2579,-92.9111,0
 -8.7169,-53.2506,0
 -8.8003,-56.1654,0
-15.4207,-58.5087,0
-26.7033,-50.7572,0
-10.5900,-49.1140,0
-27.8920,-52.3175,0
-18.0306,-67.7887,0
-28.4958,-53.4351,0
-13.8418,-59.8573,0
 -7.8588,-51.6176,0
 -8.3099,-52.5258,0
-20.7041,-53.0508,0
 25.4172,-85.1205,0
  2.4915,-31.6538,0
 -7.6691,-54.6449,0
-26.8931,-56.7716,0
-15.1830,-54.1842,0
 -8.5405,-53.1609,0
-23.6278,-54.5919,0
-12.7244,-42.3581,0
-21.9646,-42.4254,0
-41.2971,-66.5101,0
 -7.6734,-56.2755,0
-15.5332,-59.8598,0
 -2.5849,-48.7944,0
 23.5733,-94.3699,0
-10.5927,-55.0263,0
 25.3790,-85.1380,0
-11.4931,-49.6619,0
 -8.2846,-52.5927,0
-35.3034,-67.9799,0
 -7.1673,-65.6305,0
-27.2844,-51.7225,0
-35.6398,-67.5598,0
 -8.4135,-53.0357,0
-10.4257,-49.7805,0
-22.4002,-42.7973,0
-23.1822,-46.7872,0
-15.0230,-59.2704,0
-11.6054,-54.8337,0
-29.1658,-51.3785,0
-10.3076,-52.9955,0
-34.7524,-68.6976,0
-26.9381,-55.0555,0
-27.8205,-54.9891,0
-34.3690,-68.8095,0
-24.6413,-50.4083,0
-16.8500,-56.9167,0
  6.1508,-100.6592,0
-25.0838,-59.7228,0
-13.6323,-60.0017,0
-17.7144,-50.0105,0
-11.9657,-55.3744,0
-29.2338,-51.6487,0
-26.6550,-56.8482,0
 -9.8986,-54.2639,0
-14.1765,-59.4585,0
-14.8717,-54.2245,0
-12.1173,-45.0434,0
-22.1382,-45.4667,0
-10.7947,-55.6161,0
-11.4654,-60.7514,0
-10.0064,-58.3743,0
-14.4103,-69.8712,0
-20.8496,-53.0207,0
-16.2998,-57.0295,0
-10.3570,-56.1534,0
 -7.7510,-54.5316,0
-15.1482,-55.9222,0
 -8.9234,-56.0455,0
 -8.4131,-54.7206,0
-26.8970,-52.6216,0
 -8.2846,-52.5738,0
-13.7090,-59.9526,0
-15.2418,-54.2606,0
-13.2195,-50.9786,0
-26.7925,-50.5560,0
-24.0540,-51.1113,0
-13.9102,-59.9071,0
-15.0292,-58.3850,0
 -8.2248,-51.1127,0
-10.4715,-55.1649,0
 -8.4065,-52.7978,0
-26.5356,-52.4693,0
-11.4953,-49.5914,0
-16.5041,-58.7257,0
 -2.5846,-48.6902,0
-29.1856,-50.8861,0
-12.3309,-54.6164,0
-13.9530,-58.7707,0
 -8.2860,-72.6102,0
-14.0807,-57.6151,0
-40.5441,-64.1106,0
 24.7747,-95.5510,0
 -9.0522,-56.0331,0
 -9.3128,-58.0782,0
 -9.5660,-59.3819,0
-14.8509,-55.3914,0
-18.2745,-66.5234,0
-29.4440,-51.8753,0
-15.5558,-59.8577,0
-26.7459,-54.5123,0
-21.8876,-44.3350,0
 -2.3073,-47.3478,0
 -6.3358,-54.1787,0
 -8.9149,-56.9583,0
 -9.9544,-55.6156,0
 -8.3339,-52.6178,0
-13.4825,-71.3924,0
 -9.5461,-53.4215,0
-20.8446,-53.0681,0
-13.7246,-59.8707,0
 -9.8224,-55.9085,0
-22.1083,-44.2096,0
-22.2138,-45.5298,0
-29.2828,-51.5624,0
-28.6634,-51.7178,0
-11.4368,-49.7615,0
-27.2186,-53.6257,0
-28.3118,-53.6356,0
-26.8426,-54.6044,0
-21.7219,-44.2200,0
 -0.5187,-74.1007,0
 25.2335,-84.8860,0
-11.7620,-57.8292,0
-25.1513,-57.0317,0
-15.1011,-59.2599,0
-16.7718,-56.8769,0
-22.4275,-42.7470,0
-22.0593,-45.4889,0
 -9.8277,-54.4395,0
 -7.9220,-53.8951,0
-20.7582,-54.4825,0
-22.2248,-42.5421,0
 -8.8043,-56.1926,0
 -8.3395,-54.6355,0
-26.8591,-53.8032,0
-16.3795,-56.9409,0
-10.3463,-49.8540,0
 -6.4659,-60.7671,0
-36.8450,-65.1511,0
-20.2132,-65.8207,0
-27.2202,-51.6446,0
 -8.7231,-53.1729,0
 -8.3970,-53.0751,0
 23.4811,-94.3598,0
-10.7970,-56.1452,0
 -9.5031,-61.3865,0
-26.6681,-56.7752,0
-16.5051,-58.7971,0
-19.6257,-67.0034,0
-13.0833,-60.2225,0
-17.8686,-57.2453,0
-13.6346,-59.9098,0
-14.8947,-55.4183,0
 -7.7039,-54.6354,0
-15.4208,-58.5084,0
 -3.1082,-46.8979,0
-40.6587,-64.1653,0
-19.9445,-65.8445,0
-14.9451,-59.3570,0
-16.5067,-58.2571,0
 -8.2606,-52.4975,0
 -1.4203,-72.2363,0
-12.3259,-54.4045,0
-16.3018,-56.9465,0
 -9.9010,-55.6300,0
 -8.9844,-56.0804,0
-28.4412,-53.3099,0
-26.6054,-50.7016,0
-14.4380,-69.9425,0
-26.8919,-50.3484,0
-19.3083,-65.4614,0
-20.2130,-65.8998,0
-15.0236,-59.2698,0
-11.5073,-49.5427,0
-16.0142,-69.9023,0
 -1.1858,-51.7826,0
-15.2620,-54.2940,0
-21.5630,-44.2160,0
-10.3855,-55.0906,0
-22.2585,-42.6394,0
-15.9866,-58.2130,0
 -1.9018,-47.9799,0
 -9.8374,-54.4032,0
-12.6882,-59.7064,0
-27.7714,-54.9542,0
-13.1062,-60.3044,0
-14.7745,-55.4000,0
-25.6752,-55.5993,0
 25.3035,-92.7850,0
-12.7192,-42.3598,0
-17.8685,-57.3011,0
-20.8612,-53.1060,0
 -9.1170,-56.0229,0
-20.5079,-54.1100,0
-16.8723,-58.0549,0
 -8.4091,-54.7194,0
 -8.5141,-53.1378,0
-27.2762,-51.6808,0
-16.4772,-69.4204,0
 -8.2997,-58.0680,0
-18.0544,-68.3589,0
 24.7461,-85.6281,0
-11.0857,-57.9528,0
-34.9410,-68.4664,0
 -9.5948,-55.8192,0
-13.7105,-59.9264,0
 25.0246,-92.8969,0
-25.0721,-57.0499,0
-16.4769,-69.5257,0
-34.3049,-68.5279,0
-16.7106,-54.0576,0
 -9.3209,-53.9984,0
-15.4398,-59.8681,0
-15.0240,-59.2858,0
-10.7631,-52.9169,0
-27.0132,-52.3795,0
 -8.2794,-52.5914,0
 -6.8545,-53.8712,0
 -0.8020,-73.6049,0
-14.6585,-54.6490,0
-25.2474,-59.6203,0
-40.6987,-64.1576,0
 -7.6707,-54.5890,0
-16.8520,-56.8794,0
-12.1188,-45.0427,0
-19.5478,-58.4313,0
-21.7485,-44.2710,0
 23.5298,-94.4138,0
-15.1696,-54.1426,0
-35.5709,-67.3971,0
 -3.6145,-45.5944,0
-37.5734,-65.4366,0
-24.6426,-50.4171,0
-26.7434,-54.4152,0
 -8.7114,-53.4334,0
-10.4292,-49.7819,0
-10.0624,-55.6339,0
-15.3775,-55.8600,0
-34.3359,-68.8897,0
-27.2119,-51.6471,0
-11.1512,-52.2521,0
-20.5078,-54.1331,0
-13.0967,-60.3074,0
  1.1439,-75.5081,0
-10.3227,-52.9771,0
 25.3545,-92.8574,0
-11.5723,-49.6476,0
-13.6787,-48.0515,0
-15.2373,-54.2401,0
 -8.3327,-52.6500,0
 25.4075,-84.9386,0
 -2.7791,-49.1197,0
-23.9979,-48.3270,0
-14.1900,-62.5705,0
-24.8152,-58.3085,0
-22.1388,-45.4922,0
 -6.2599,-53.1909,0
-22.0822,-42.3086,0
-34.3303,-68.6963,0
