-29.9458,-48.9725,0
 -8.2904,-53.3291,0
 -2.7335,-48.8233,0
-29.5653,-61.2572,0
-26.8016,-49.0155,0
-22.4508,-46.2125,0
-29.1253,-61.1451,0
 -5.6986,-41.9622,0
-28.4358,-64.4576,0
-24.3584,-54.5063,0
-28.9406,-64.9312,0
-28.5476,-49.5216,0
-14.7441,-71.0461,0
-11.0542,-58.0117,0
-28.7009,-50.6975,0
-19.5945,-52.2860,0
-19.0188,-52.6205,0
-31.0926,-61.7576,0
-30.4657,-59.8431,0
-22.5646,-51.4545,0
-31.4773,-48.4596,0
-26.9262,-49.0491,0
-30.6194,-49.4015,0
-28.8553,-49.2764,0
-26.0096,-66.7613,0
-16.1359,-70.4048,0
-29.7869,-58.7966,0
-28.5814,-64.3597,0
-29.9929,-49.9030,0
 -7.8393,-53.7464,0
-29.1093,-61.2366,0
-27.7902,-65.5772,0
-28.8449,-48.9109,0
-13.5511,-46.7163,0
-26.9475,-48.8679,0
-30.5487,-57.9166,0
 -1.7161,-49.9726,0
-13.7058,-54.9971,0
 -8.9464,-55.5504,0
-28.4111,-64.7876,0
-32.0560,-48.0442,0
-27.3171,-50.6665,0
-19.0651,-52.6428,0
-29.4955,-60.9049,0
-28.6525,-66.0362,0
-29.4254,-61.8217,0
-26.9554,-49.0702,0
-23.4494,-65.0679,0
-13.0941,-54.4694,0
-29.4884,-61.1992,0
-24.7999,-51.4812,0
-28.8254,-61.7239,0
-11.9313,-57.0581,0
 -5.8998,-58.6713,0
 -4.0234,-45.0840,0
-14.5318,-54.8485,0
-21.9402,-46.3449,0
-14.0615,-61.5627,0
-22.6736,-48.3642,0
 -8.9155,-55.4517,0
-30.3723,-65.5125,0
 -7.8898,-53.7619,0
-29.5541,-60.6166,0
-14.2383,-55.0771,0
-30.6953,-59.4794,0
-22.5065,-46.9066,0
-15.6371,-70.4190,0
-12.6273,-56.0025,0
-32.8367,-47.3722,0
-28.2087,-49.8221,0
-29.2168,-58.1849,0
-27.5545,-66.5610,0
-29.5646,-61.3183,0
-14.0885,-55.1767,0
-29.4493,-48.7848,0
-28.6962,-49.2137,0
 -7.4483,-64.5635,0
-31.9149,-48.2171,0
-22.4098,-49.0567,0
-29.0209,-64.8355,0
-13.9771,-61.5528,0
-29.4744,-61.7966,0
-28.9469,-51.2307,0
-29.1649,-61.5815,0
-29.5241,-61.6112,0
-28.3000,-65.9799,0
-22.6499,-51.2424,0
-30.6272,-49.2424,0
-30.4321,-65.5356,0
-29.2402,-64.8262,0
-29.4984,-60.6490,0
-29.8435,-59.8158,0
-14.0976,-55.0288,0
-29.2452,-58.5896,0
-29.5290,-59.3041,0
-29.2785,-59.1443,0
 -9.0793,-52.9464,0
-29.3429,-61.1942,0
-23.0703,-66.3548,0
-28.2062,-49.8845,0
 -9.3492,-55.0376,0
-11.0060,-58.0105,0
-12.9999,-55.2980,0
-13.2176,-54.5442,0
-26.8633,-48.8868,0
-31.0493,-61.8522,0
-25.0354,-49.4428,0
 -8.8867,-59.9558,0
-20.7480,-65.8174,0
-29.2566,-64.8067,0
-25.4731,-65.2825,0
-28.6380,-49.3430,0
-30.2442,-59.8855,0
-29.0228,-51.3053,0
-22.1579,-51.7730,0
-27.3405,-50.5601,0
 -4.0766,-58.0004,0
-24.2031,-54.4920,0
-29.3976,-61.8092,0
 -9.4343,-54.2523,0
-29.7813,-60.4441,0
-22.5487,-48.3889,0
-12.6326,-55.6236,0
-27.3717,-66.8872,0
 -9.3768,-54.9667,0
-30.4299,-59.5148,0
-30.3302,-60.0055,0
-13.1857,-54.4494,0
-27.1128,-52.3885,0
-14.5275,-54.8990,0
-26.9357,-48.9455,0
-29.4818,-61.3024,0
-28.8546,-65.8867,0
-12.6299,-56.0821,0
 -9.1811,-53.2655,0
-19.0998,-52.6272,0
-12.9675,-53.7225,0
-10.0120,-52.7959,0
-14.0988,-54.9604,0
-16.7139,-60.2008,0
-28.0718,-48.4921,0
-30.0232,-58.9808,0
-17.7961,-68.1961,0
-28.2748,-52.4162,0
-13.1763,-55.0644,0
-26.8643,-49.0411,0
-28.9272,-61.7081,0
  3.9808,-79.8031,0
  4.6373,-75.7159,0
-10.9398,-58.0156,0
-30.3861,-60.0354,0
-31.0948,-60.9846,0
-28.6284,-65.1984,0
-29.2154,-58.6539,0
-24.1222,-54.4761,0
 -9.2488,-77.6597,0
-26.9099,-49.3382,0
-13.9564,-55.0724,0
-28.7560,-65.8338,0
-22.6010,-51.1577,0
-27.0361,-48.9274,0
-11.9325,-56.9780,0
-29.1714,-61.3035,0
-21.7437,-50.4249,0
 -5.9723,-42.1041,0
-25.0924,-53.9991,0
-28.7061,-65.0104,0
-20.5536,-66.2345,0
 -8.9403,-55.5470,0
-27.9253,-49.1490,0
-31.5762,-48.3127,0
 -3.5828,-45.8946,0
-29.9476,-59.3156,0
-28.5495,-64.3823,0
-29.1482,-62.0583,0
-29.1634,-61.6380,0
-28.9524,-61.8798,0
-22.5750,-51.3348,0
-14.4917,-54.9135,0
-12.9732,-53.7727,0
 -5.2497,-42.2449,0
-29.1400,-64.9988,0
-28.8746,-62.3478,0
-31.8674,-48.3136,0
-27.6275,-64.6364,0
-28.8180,-64.9792,0
-14.0969,-55.0493,0
-10.9929,-58.0112,0
-24.7102,-54.3363,0
 -6.5812,-54.4105,0
-29.1621,-59.0791,0
-13.1845,-54.4913,0
-20.5473,-66.1170,0
-29.4758,-61.7255,0
-22.9671,-66.2820,0
-30.5649,-59.2682,0
-21.2383,-49.8551,0
-28.7692,-49.2862,0
-28.3652,-66.0212,0
 -3.5731,-45.8467,0
-11.8572,-56.8556,0
-28.9027,-62.3413,0
 -6.6596,-51.9223,0
-27.7528,-66.7892,0
-29.0050,-61.6952,0
-29.8056,-59.7776,0
-29.4785,-61.5998,0
-29.4949,-60.9142,0
-33.7545,-45.3771,0
-26.2288,-64.9016,0
-29.9265,-60.1828,0
-14.1414,-55.1857,0
-13.1686,-54.3273,0
-29.3071,-59.0588,0
-29.3666,-60.4281,0
-14.0978,-54.9663,0
-32.8617,-47.3365,0
-29.3997,-61.8179,0
-31.1438,-61.7478,0
-28.6599,-49.2472,0
-28.5418,-49.5550,0
-32.0467,-48.2450,0
-26.9347,-48.8388,0
-13.1999,-54.6501,0
-28.7688,-65.8986,0
 -6.2825,-57.5988,0
-28.6117,-66.0069,0
-13.7551,-54.9941,0
-27.5519,-64.7824,0
-29.8266,-59.1068,0
-29.2709,-58.3626,0
-11.0278,-57.9995,0
-21.6461,-65.9232,0
-28.0008,-65.9626,0
-19.0992,-52.6040,0
-26.1156,-64.7298,0
-21.7554,-47.0139,0
-11.8557,-56.9842,0
-22.5670,-51.1555,0
-29.5377,-61.1793,0
-28.9850,-64.9216,0
-29.6893,-60.5434,0
-16.0977,-70.1045,0
-14.0650,-55.0061,0
-29.5591,-48.7627,0
-13.1294,-54.5110,0
 -5.3944,-41.9318,0
-36.2590,-42.8196,0
-17.9045,-65.2028,0
-13.1104,-54.2961,0
-25.6329,-65.2157,0
-29.3205,-61.5976,0
 -3.8649,-44.9568,0
-26.9455,-49.0589,0
-16.6460,-60.2584,0
-17.8318,-66.8309,0
-24.0182,-55.2950,0
 -5.6281,-41.9585,0
-29.4500,-61.8275,0
-14.4881,-54.8376,0
  0.1699,-53.3634,0
-10.9387,-58.0152,0
-22.4858,-51.4685,0
-30.3441,-59.6253,0
-29.3946,-60.3476,0
-26.9463,-48.8795,0
 -4.3396,-58.0544,0
-30.5011,-49.0071,0
-28.4005,-64.6520,0
-29.2850,-58.2540,0
 -3.5611,-46.2843,0
-22.4805,-46.9083,0
-26.3115,-64.6484,0
-28.7700,-65.8128,0
 -7.5640,-59.8598,0
-22.5703,-51.2601,0
-13.1219,-54.4426,0
-25.5517,-65.2967,0
-14.4382,-54.9830,0
-11.1852,-57.4937,0
-28.7628,-64.9530,0
-29.4233,-63.3336,0
-28.9363,-51.2583,0
-29.5110,-61.5382,0
-31.0841,-58.6969,0
-29.7685,-59.8600,0
-22.6313,-48.2965,0
-22.4680,-51.5148,0
-29.4734,-61.7966,0
 -8.9570,-55.5781,0
-27.7200,-65.6758,0
-24.9464,-65.4828,0
-29.1739,-64.9900,0
 -9.6606,-54.2201,0
-28.6344,-53.8835,0
-28.3381,-52.1794,0
-28.9282,-61.9631,0
-20.9263,-50.2877,0
-10.9388,-58.0308,0
-30.3523,-65.4753,0
 -3.3712,-46.1732,0
 -0.8461,-75.9955,0
-13.1842,-54.4917,0
-17.0026,-60.8556,0
 -7.5283,-39.2203,0
-29.0433,-61.7217,0
-14.1480,-55.0139,0
-11.5981,-57.0107,0
 -5.4719,-41.9768,0
-26.9348,-49.0414,0
-26.3627,-64.5445,0
 -9.1921,-53.3127,0
-24.2199,-54.4744,0
-23.9542,-55.4023,0
-22.2373,-50.8127,0
-29.0986,-64.8264,0
-21.8901,-66.0507,0
-30.6044,-49.3204,0
-16.6647,-60.2039,0
-13.0414,-55.3277,0
-29.0151,-61.2531,0
-28.7468,-62.7874,0
-29.1897,-61.5779,0
-27.3002,-67.4216,0
-14.0095,-61.5501,0
-29.1560,-61.9362,0
-31.7792,-48.2511,0
-19.6566,-49.6585,0
-29.4704,-61.7796,0
-29.0957,-65.0000,0
-16.8077,-60.2775,0
-29.3591,-59.1010,0
-15.6205,-70.3244,0
 -7.6766,-56.0046,0
-14.0967,-55.0500,0
-28.6998,-65.0335,0
-13.1741,-54.5305,0
-11.8895,-57.0615,0
-14.4707,-54.9008,0
-11.0007,-57.9566,0
-32.5624,-47.5135,0
-30.0281,-60.2023,0
-22.5864,-51.1099,0
 -8.2353,-53.2872,0
-29.7436,-60.4618,0
-29.5067,-61.2672,0
-21.1373,-49.9052,0
 -7.2832,-39.1185,0
-28.9505,-51.1332,0
-28.6214,-65.9496,0
-30.7697,-57.6471,0
  3.7946,-76.9444,0
 -9.3802,-55.0416,0
-11.9936,-56.4389,3
-26.8848,-48.8911,0
-30.5525,-49.2581,0
-29.5259,-60.6463,0
-26.2052,-64.8212,0
-15.3357,-70.4506,0
-28.7956,-49.2043,0
-21.5627,-66.0169,0
-29.4782,-61.8235,0
-22.5825,-51.2582,0
-26.8451,-50.4650,0
-29.8724,-60.3642,0
-12.7085,-56.0938,0
-28.7420,-65.7634,0
-14.0985,-54.9672,0
-28.3127,-65.2446,0
 -9.4530,-59.1189,0
-29.4956,-60.9058,0
-19.3778,-68.3331,0
-27.2968,-50.5857,0
 -4.9378,-43.3361,0
-21.2794,-66.0906,0
-27.7699,-65.5917,0
-30.4096,-65.5353,0
 -7.3654,-39.0592,0
-15.6372,-70.4103,0
-29.7227,-61.4741,0
-27.9290,-49.1066,0
  4.1047,-62.3576,0
-29.3540,-63.2915,0
-31.9912,-48.2624,0
-24.0169,-55.3832,0
-30.1157,-50.6043,0
-11.9502,-56.3706,3
-24.1135,-65.3529,0
-14.5349,-54.8914,0
-28.4195,-64.5646,0
-13.7213,-55.0001,0
-10.9911,-58.0526,0
-12.0047,-56.8919,0
 -5.6404,-40.5167,0
-21.6403,-65.9073,0
-26.8444,-48.9008,0
-29.8190,-49.8303,0
-12.0480,-56.5928,0
-28.9941,-51.4435,0
 -3.2101,-47.0202,0
-27.7649,-65.9391,0
-28.9288,-61.7889,0
-29.3324,-58.3446,0
-13.1586,-54.4983,0
-32.8400,-47.3724,0
-12.9959,-53.7663,0
-28.5624,-64.3388,0
-27.0252,-48.8533,0
-29.2219,-64.9759,0
-30.8262,-48.9691,0
 -8.8638,-55.7777,0
-22.4885,-51.1460,0
-29.4152,-61.8993,0
-13.1169,-54.3219,0
-29.0948,-61.2401,0
 -9.0482,-55.6376,0
-26.8763,-48.7531,0
-29.2290,-59.0752,0
-26.1885,-64.8608,0
-28.0551,-48.5086,0
-13.1851,-54.4921,0
-31.1928,-56.5361,0
-22.5710,-51.2791,0
-29.9148,-49.8502,0
-28.4458,-65.9977,0
-29.6497,-60.6267,0
-25.2282,-65.6848,0
-29.2216,-61.1803,0
 -3.6775,-45.4137,0
-27.5302,-64.7888,0
-14.2384,-55.0306,0
-32.4606,-47.6445,0
-29.3822,-59.0137,0
-28.3806,-52.2655,0
-29.1632,-61.6706,0
-14.4921,-54.9209,0
-29.5078,-48.9278,3
-31.0677,-61.7935,0
-14.7285,-71.9442,0
-30.0705,-56.5192,0
-29.4230,-61.7209,0
-21.6398,-47.0521,0
-28.5991,-65.1353,0
-26.8126,-48.9918,0
-21.4204,-66.0243,0
 -8.4872,-59.7733,0
-19.6750,-52.2262,0
-22.4887,-46.2375,0
-10.9399,-58.0159,0
-27.2887,-50.6185,0
-30.0119,-59.3621,0
-11.9351,-57.0495,0
-29.5245,-49.1730,0
 -6.1895,-39.6450,0
-12.9363,-46.8850,0
-31.9536,-48.1033,0
 -7.4583,-49.0557,0
 -1.7723,-50.0164,0
-29.3076,-61.6722,0
 -7.8571,-53.7244,0
-26.9534,-48.7777,0
-28.7055,-65.0463,0
-11.0168,-58.0156,0
-22.5544,-44.3767,0
-28.8028,-48.9961,0
-28.7942,-65.8318,0
-22.6017,-48.3908,0
-14.0738,-55.0920,0
-15.1526,-71.1764,0
-29.5663,-61.2493,0
-28.8665,-51.2750,0
-18.3891,-52.1697,0
-28.3612,-65.2515,0
 -9.0875,-52.9430,0
-30.0536,-49.9115,0
-21.9921,-46.4255,0
-21.1866,-65.6393,0
-13.7139,-54.9757,0
-29.4567,-48.6858,0
-29.2606,-58.2148,0
-16.0237,-70.1039,0
-13.1204,-54.4315,0
-29.2907,-57.9341,0
 -3.3439,-50.7219,0
-25.0080,-49.4519,0
-14.4841,-54.9453,0
-29.4250,-61.8090,0
-13.0179,-55.3336,0
-19.0496,-52.6511,0
-18.6465,-67.3201,0
-30.4368,-58.1042,0
 -5.7017,-56.4332,0
-15.8111,-61.2472,0
-29.1397,-64.9939,0
-21.1843,-49.9595,0
 -9.6008,-58.9727,0
-28.5984,-49.5005,0
-28.5612,-64.3780,0
-10.9788,-58.0121,0
-25.4723,-65.2964,0
-29.9812,-48.9800,0
  1.4282,-70.9519,0
-29.4759,-61.7074,0
-29.4717,-61.8850,0
-26.8640,-50.2743,0
-26.9085,-48.8799,0
-29.5725,-60.9665,0
-20.6027,-66.1527,0
 -1.5578,-50.0979,0
-19.6634,-49.6053,0
-30.3634,-59.5477,0
-13.9800,-61.4833,0
-14.5353,-54.8951,0
-30.6857,-49.3352,0
-28.1077,-50.3273,0
-29.5055,-59.3057,0
-26.3281,-64.7069,0
 -6.5681,-54.3917,0
-25.2895,-53.1983,0
-29.3702,-60.3917,0
-29.2374,-61.3036,0
-16.7061,-60.2057,0
-24.1228,-54.4696,0
-28.9280,-61.6292,0
-19.5097,-52.3535,0
-29.8419,-59.7205,0
-21.1290,-49.8933,0
 -4.5107,-58.6688,0
-28.3429,-52.1717,0
-22.1617,-51.7819,0
-29.0256,-51.2066,0
 -9.3564,-55.0188,0
 -8.9876,-55.6071,0
-29.7437,-60.4363,0
-32.0023,-60.5327,0
-30.1605,-59.7057,0
-30.1572,-60.1124,0
 -3.4071,-55.2489,0
-13.1812,-54.4491,0
-27.3832,-66.8487,0
-29.2323,-57.5448,0
-26.9071,-49.0109,0
-31.5673,-48.2191,0
-10.9316,-58.0430,0
  4.6384,-75.6781,0
-18.9135,-67.1822,0
-22.4398,-51.3035,0
-13.6970,-55.0137,0
-29.1637,-61.5811,0
-29.0356,-51.3912,0
-29.8590,-61.9126,0
-28.6734,-65.2131,0
 -5.5119,-58.7892,0
-36.4911,-42.8668,0
-30.3950,-58.5492,0
-22.3562,-56.0404,0
-17.8473,-66.7855,0
-26.3419,-64.5673,0
-27.9609,-50.4678,0
-26.7267,-51.7571,0
-26.8674,-48.7959,0
 -7.6907,-39.3848,0
-28.9843,-59.3584,0
-11.1044,-57.8315,0
-29.9399,-59.0443,0
-27.2746,-50.6160,0
-27.7517,-66.7968,0
-28.7465,-62.7666,0
-28.5932,-65.9817,0
-28.8040,-65.7141,0
-14.1024,-55.0352,0
-30.6065,-57.8446,0
-27.0241,-48.7530,0
-29.8417,-60.2285,0
-21.4789,-65.9992,0
-24.9717,-49.3270,0
-31.1942,-58.5037,0
-16.3725,-69.1747,0
-30.2461,-57.5831,0
-29.4260,-61.8362,0
-13.7252,-55.0437,0
-30.9685,-58.5311,0
-22.1733,-49.1022,0
-30.3879,-65.5138,0
-28.9009,-62.2676,0
  2.5322,-70.0300,0
-29.4773,-61.6187,0
 -9.1030,-53.2988,0
-14.1461,-54.9609,0
-30.0570,-58.2480,0
-15.7039,-70.3504,0
-30.7269,-58.9444,0
 -8.9394,-55.5246,0
-13.1278,-54.5034,0
-13.5383,-46.7338,0
-14.1010,-55.2132,0
-26.9632,-48.9202,0
-24.3096,-54.4314,0
-26.2461,-64.8951,0
-31.0676,-61.5029,0
 -2.0293,-49.7953,0
-28.4351,-64.5691,0
-28.4052,-54.4080,0
 -9.3927,-55.0620,0
-22.6515,-51.3258,0
 -7.9271,-53.7446,0
-28.6681,-62.7982,0
-14.4855,-54.9018,0
 -5.9426,-42.1029,0
-29.2288,-61.5684,0
-28.3798,-49.5543,0
-29.4861,-61.2200,0
-26.1414,-64.9776,0
-30.6259,-49.2428,0
-22.3328,-65.5309,0
-12.9826,-53.7273,0
-22.8762,-66.2970,0
-29.2041,-60.4736,0
 -4.0933,-45.0312,0
 -2.7729,-48.4130,0
