-15.5135,-57.0245,0
 -9.1741,-52.7576,0
-12.2372,-60.9112,0
-25.0524,-54.6613,0
-14.2811,-56.7480,0
-23.8743,-54.2014,0
-10.5292,-50.9016,0
 -8.8062,-52.0899,0
-29.7990,-53.2221,0
-14.7138,-60.6740,0
-29.1545,-53.2088,0
-15.7046,-57.1753,0
-24.6692,-49.4592,0
-42.8821,-68.5625,0
-25.7556,-55.3399,0
 -1.4692,-56.2656,0
-22.6104,-45.2430,0
 -9.8528,-52.5789,0
 -9.3093,-55.5535,0
-27.3021,-53.1311,0
-10.3141,-54.6708,0
-15.5271,-57.1239,0
  3.4942,-79.1914,0
 -9.8816,-55.0894,0
-26.7628,-54.7353,0
-27.2491,-51.4520,0
-15.0115,-54.6288,0
-22.8927,-45.8534,0
-27.1690,-54.6277,0
-14.5905,-60.2851,0
-28.8786,-54.1180,0
-14.1110,-56.8717,0
-29.1292,-52.4132,0
 -8.5386,-56.4598,0
-12.5509,-60.7651,0
 -9.0477,-52.6611,0
-13.3411,-58.6475,0
 -8.3075,-57.4094,0
 -8.7695,-52.1874,0
-23.1764,-45.6670,0
-27.0190,-54.7579,0
-17.2153,-57.8239,0
-27.7883,-53.6732,0
-15.8489,-63.7359,0
-10.4210,-55.6496,0
-27.4943,-54.2265,0
-15.4747,-57.0509,0
-14.2240,-60.6822,0
-29.8027,-53.1251,0
-21.8723,-54.8881,0
 -8.7748,-55.5128,0
 -9.0665,-67.2126,0
-10.4639,-52.0137,0
-20.5209,-44.0700,0
-14.7786,-54.6582,0
-22.3952,-44.7219,0
-15.5354,-57.0758,0
-10.0286,-54.9830,0
-15.0888,-54.9232,0
 -9.9255,-52.4734,0
 -9.9999,-60.1373,0
-27.9757,-55.1874,0
 -4.5598,-58.8515,0
-27.0009,-54.8321,0
-13.0298,-60.7183,0
-25.0507,-54.7207,0
-25.7948,-55.2210,0
-27.0886,-51.2947,0
 -8.4955,-56.4680,0
 -9.8003,-53.9087,0
-10.6924,-51.9018,0
-29.0900,-53.1316,0
 25.3693,-85.4264,0
-27.9894,-53.3292,0
-15.6008,-57.1133,0
-25.4911,-51.1775,0
-27.9652,-55.1737,0
-21.5399,-54.1163,0
-15.5133,-57.0442,0
-29.7225,-53.3389,0
-27.0668,-52.5018,0
-10.1921,-53.7993,0
-23.4924,-48.7316,0
-27.2094,-51.5019,0
 -9.3692,-55.5436,0
-10.6263,-51.9903,0
 -9.0366,-52.6783,0
-14.9406,-54.6951,0
-24.0628,-54.1342,0
-10.4809,-50.8457,0
-14.4069,-59.4514,0
-24.5161,-49.5194,0
-10.8445,-51.8958,0
-43.0758,-69.7663,0
-15.5723,-57.0400,0
 -8.4943,-56.7059,0
-25.8186,-55.3951,0
-10.4426,-52.1064,0
 -9.4324,-52.6901,0
-14.1537,-60.7358,0
-26.8914,-50.2168,0
-27.9934,-55.2274,0
-26.9052,-55.8826,0
 -9.8537,-52.5414,0
-22.9050,-45.7720,0
-28.1647,-54.9713,0
-10.0238,-54.9840,0
 -8.9223,-58.0964,0
-10.3381,-55.6875,0
-10.5065,-54.5938,0
 -9.7480,-55.1673,0
-15.8683,-44.7570,0
 -8.8497,-55.3881,0
-41.6165,-66.6704,0
-27.9332,-55.1964,0
 -9.0252,-52.6762,0
-27.2105,-51.4731,0
-14.1979,-56.7827,0
-15.7453,-57.1182,0
-28.7298,-52.8487,0
 -9.8547,-52.4628,0
-13.0831,-60.7338,0
-15.1144,-54.8422,0
 -0.4817,-51.6929,0
  0.0322,-73.3700,0
-18.1696,-57.7063,0
-19.4835,-65.8547,0
-12.6285,-60.6787,0
-27.0636,-51.3123,0
 -8.5203,-57.0165,0
-19.9719,-52.6740,0
-24.7371,-54.5477,0
-27.7060,-54.8234,0
 -9.5076,-52.7466,0
-13.3374,-58.5754,0
-28.1356,-54.5076,0
 -8.1867,-54.8683,0
-22.6661,-46.3854,0
-27.1475,-53.3456,0
-16.1408,-59.2875,0
-10.8118,-61.6317,0
 -7.6287,-59.2237,0
 -8.7553,-52.1217,0
-21.4582,-54.2349,0
-15.8003,-57.2537,0
-17.1541,-57.0928,0
-15.5291,-57.0168,0
 -9.3291,-55.5570,0
-17.5911,-45.7964,0
-27.0229,-54.7293,0
 -3.1555,-48.6090,0
-17.0597,-57.1422,0
-23.1442,-45.5369,0
  2.1670,-67.2974,0
 -8.3145,-57.4203,0
 30.0789,-48.6116,0
 -9.9756,-54.9861,0
 -9.8717,-57.7971,0
-27.2508,-51.4569,0
-14.8390,-54.5873,0
 13.7525,-118.8253,0
 -9.1253,-52.6729,0
 -9.8997,-52.5365,0
-27.0180,-52.5493,0
 -8.7747,-55.4907,0
-17.8983,-46.8700,0
-19.8674,-54.0199,0
-29.8762,-53.3043,0
-25.0299,-54.6898,0
-23.5166,-48.5273,0
-12.2480,-60.9209,0
-22.5384,-45.2348,0
-15.2957,-56.9917,0
-14.0556,-56.8879,0
-10.2806,-54.6347,0
-13.2671,-52.3490,0
 -8.5347,-57.0949,0
-29.2063,-52.5919,0
-27.1194,-51.3331,0
-10.4048,-50.9114,0
 -6.9502,-51.5184,0
-14.1530,-60.6413,0
-21.4658,-54.0497,0
 -9.8446,-53.8496,0
 -7.1422,-54.8638,0
-34.0998,-65.9641,0
 25.5604,-93.6581,0
-22.5969,-44.9248,0
-22.9062,-45.7581,0
-15.5581,-57.0554,0
-10.6943,-51.8420,0
-13.3365,-58.6361,0
-22.9029,-55.2677,0
-12.3305,-60.2305,0
-30.2027,-53.3020,0
-25.7443,-55.3239,0
-10.3681,-51.8648,0
-24.9779,-54.6031,0
-25.2680,-51.2131,0
-21.8074,-54.8792,0
-14.3203,-59.4986,0
-14.7855,-60.6540,0
 -8.0573,-52.6134,0
-15.8238,-57.1182,0
 -9.8273,-52.6048,0
-14.2059,-56.7165,0
-15.5146,-57.0158,0
-22.9944,-45.4189,0
-22.6408,-45.2706,0
-15.0860,-54.8758,0
-22.5254,-45.4425,0
-29.2434,-53.0882,0
 -8.7709,-55.6432,0
-18.7181,-51.1561,0
 -9.3120,-52.7444,0
 -8.3875,-57.4188,0
 -2.9484,-48.2150,0
-27.2710,-51.5557,0
-15.5903,-57.1156,0
-27.0691,-54.7677,0
-27.9251,-55.1977,0
-14.9954,-59.6751,0
-22.9022,-45.8018,0
-10.4554,-51.9764,0
-14.8638,-59.1136,0
-27.0994,-51.2545,0
 -9.8993,-55.0772,0
-13.9978,-60.7890,0
 -8.4658,-56.3839,0
-26.9460,-50.0514,0
  2.4159,-31.1968,0
-24.7333,-53.9440,0
 -8.3086,-57.4245,0
 -7.5186,-53.9559,0
 -8.5352,-56.5472,0
-25.7754,-55.2842,0
-13.3686,-58.7136,0
-13.2911,-52.4934,0
-25.7272,-53.4002,0
 -8.7853,-55.5013,0
-23.9542,-54.1755,0
 -8.7783,-52.1295,0
-10.8445,-51.9048,0
-27.9801,-55.1678,0
 -9.9444,-52.5198,0
-12.8845,-63.0804,0
 -8.7664,-55.6217,0
 25.4296,-85.4257,0
-18.7232,-57.8818,0
-15.1869,-56.9160,0
