-14.1361,-56.7838,0
 -8.5376,-57.0953,0
-29.7148,-53.3404,0
-28.7415,-52.4840,0
-19.8519,-54.0206,0
-27.0184,-54.7042,0
-15.7081,-57.1847,0
-10.8438,-51.8957,0
-10.4038,-50.8397,0
 26.2548,-91.2341,0
 -2.9515,-48.2287,0
 -9.2642,-52.6616,0
-29.1957,-52.4339,0
-28.6954,-53.4260,0
-23.9537,-54.1642,0
-15.0423,-54.6248,0
-27.2097,-51.4815,0
-24.6026,-49.4136,0
 -9.8883,-52.5634,0
-23.2277,-45.5774,0
-26.9386,-54.8169,0
-10.6929,-51.8576,0
-10.4235,-55.6263,0
-14.4041,-58.8286,0
-17.1433,-57.1052,0
-15.1474,-56.9218,0
-13.3424,-58.5681,0
-15.0561,-54.8775,0
-25.7803,-53.4060,0
-20.2729,-65.9492,0
 -8.7628,-55.6107,0
-14.7091,-60.6779,0
-29.1509,-52.5992,0
-18.7168,-51.1664,0
-28.8062,-53.4414,0
-22.9052,-45.7893,0
 -9.9004,-55.0743,0
-29.4897,-53.1156,0
-28.4880,-52.9170,0
-15.5846,-57.0315,0
-27.0148,-52.5557,0
-12.6362,-60.7550,0
-25.7565,-55.3190,0
-27.9973,-55.2230,0
-10.4038,-50.9127,0
 -8.9405,-58.1848,0
 -9.8375,-53.8575,0
-12.6425,-59.3262,0
-23.1986,-45.5027,0
-27.0039,-54.7954,0
 30.0411,-48.7213,0
-26.2383,-50.7347,0
 -8.7307,-52.1732,0
-21.5397,-54.1247,0
-10.4042,-51.8761,0
-15.7510,-57.1314,0
-10.4454,-52.0946,0
-12.9596,-60.6471,0
-12.5514,-60.7598,0
 -9.4838,-52.7313,0
-22.0129,-54.3145,0
-26.7047,-53.5249,0
-28.0223,-53.6018,0
-27.7156,-54.8815,0
-27.8899,-51.8463,0
-27.2184,-51.4610,0
 -8.3079,-57.4266,0
-22.3331,-43.0638,0
-10.4175,-55.7261,0
-19.9738,-52.6733,0
-24.8316,-49.9154,0
-14.2453,-58.0795,0
-10.0002,-60.1380,0
-28.2739,-54.5941,0
-10.3371,-54.6797,0
 -8.4982,-56.4637,0
-27.1045,-51.3107,0
-15.5782,-57.0376,0
-27.7268,-53.6771,0
 -9.8539,-52.5192,0
-25.0162,-54.7029,0
-10.6380,-52.0175,0
-10.1113,-60.1549,0
-28.4606,-52.8336,0
 -9.0282,-52.6392,0
  3.3483,-79.3327,0
-22.3727,-44.6578,0
 -8.5373,-56.6999,0
-25.7567,-55.3260,0
-23.1957,-45.6660,0
-16.3347,-59.2248,0
-28.4554,-52.8161,0
-14.0363,-56.8800,0
-14.9932,-54.6640,0
-28.8372,-54.1092,0
-24.6699,-49.4602,0
-26.8791,-50.2105,0
-27.0202,-52.5733,0
-21.4960,-54.0970,0
-14.5436,-60.2678,0
 -9.9267,-55.0071,0
 -8.9688,-58.0872,0
-19.8761,-54.0915,0
-12.5440,-51.4655,0
-22.8417,-45.8282,0
-27.4930,-54.2901,0
-42.1914,-67.1766,0
-28.3345,-52.9681,0
-17.0729,-57.1167,0
-26.8493,-54.6661,0
 -8.7281,-52.0955,0
 -8.7359,-51.2002,0
 -8.5408,-57.0960,0
-17.6030,-45.7895,0
-28.9283,-53.2708,0
-15.7541,-57.3107,0
-22.6404,-45.2390,0
-22.4487,-43.4065,0
-27.0189,-54.7217,0
-15.0845,-54.9296,0
-24.7377,-54.5272,0
-10.8447,-51.8962,0
 -2.9156,-46.5863,0
-15.8398,-63.7323,0
-24.1195,-54.1523,0
 -9.9041,-55.0884,0
-15.5228,-57.0685,0
 -8.3084,-57.4235,0
 -8.0842,-57.5923,0
-22.6086,-42.7048,0
-10.7588,-59.1988,0
  2.2202,-67.2635,0
-13.4172,-58.6496,0
-27.9390,-55.2310,0
-25.3102,-51.1724,0
-29.0910,-53.1315,0
 26.3137,-93.0910,0
 -8.8941,-58.0279,0
-15.5456,-54.1115,0
-14.5652,-60.2956,0
 -9.9046,-52.5118,0
 -8.7639,-55.5165,0
-10.1729,-61.4626,0
-14.0625,-56.8577,0
-25.2326,-51.2016,0
-25.7431,-55.2626,0
 -9.7879,-53.9034,0
-27.0834,-53.2432,0
 25.3670,-85.4446,0
-14.2099,-56.7653,0
 -9.0880,-52.5538,0
 -9.3169,-55.6011,0
 -8.5274,-57.0246,0
 -1.2096,-51.0710,0
-13.0702,-60.7193,0
  2.4451,-31.1388,0
 -8.5060,-56.4621,0
-21.5203,-54.2143,0
-23.9117,-54.1858,0
-25.5044,-51.2294,0
-15.5174,-56.9768,0
 -7.3457,-53.1317,0
-27.2178,-51.4456,0
 -9.7792,-52.6769,0
 -8.7401,-52.1871,0
-25.0303,-54.6886,0
-13.3366,-58.5693,0
-29.1035,-53.2224,0
-14.2101,-60.7043,0
-26.8632,-54.8035,0
 -7.1444,-54.8642,0
-14.1998,-56.8244,0
-10.4658,-51.9811,0
-10.6930,-51.8826,0
-27.0938,-51.2919,0
-28.9555,-52.7520,0
 -8.8514,-55.3966,0
-24.9038,-54.6734,0
-12.2521,-60.9200,0
-22.6368,-46.3992,0
 24.9302,-93.4547,0
 -8.3182,-57.4630,0
-23.1656,-45.3900,0
-25.7567,-55.3182,0
 -8.4809,-56.7636,0
-18.9085,-53.0891,0
-24.0334,-54.1598,0
-15.5905,-57.0689,0
-29.0905,-53.1305,0
-42.8844,-68.5680,0
-14.0501,-56.7956,0
-10.5303,-59.4022,0
-27.0171,-54.7662,0
-15.5131,-57.0584,0
 -9.3688,-55.5470,0
-19.9680,-52.6810,0
 -9.4211,-52.7126,0
 -9.7782,-52.5374,0
 -9.9748,-54.9862,0
-14.5573,-60.2700,0
 -7.6336,-59.1911,0
-23.0193,-45.3936,0
-15.5915,-57.0015,0
-23.4390,-48.7506,0
-22.8967,-45.8465,0
-43.1114,-68.3160,0
-13.0829,-60.7125,0
-14.0485,-56.8768,0
-14.7119,-60.6610,0
-27.1222,-51.3299,0
-24.5896,-54.4060,0
-16.4385,-57.5919,0
 -8.5367,-56.6982,0
-12.6279,-60.6655,0
-25.0497,-54.7505,0
-27.4759,-54.4913,0
-17.6640,-45.8600,0
-28.9264,-53.2969,0
-27.2103,-51.4618,0
-18.8311,-57.7683,0
-14.2337,-58.0184,0
-17.9140,-66.0955,0
 -0.6282,-73.0573,0
 -8.3074,-57.4250,0
 -9.0243,-52.6915,0
-10.5301,-59.3509,0
-10.3544,-54.6281,0
-10.5513,-50.8761,0
 -8.5054,-56.4613,0
 -9.8273,-52.5628,0
-41.9341,-68.4779,0
-15.5123,-57.0483,0
-25.7553,-55.3285,0
-28.7597,-53.5431,0
 -8.1295,-52.7650,0
-27.0485,-54.7463,0
-24.6243,-54.5175,0
 -2.8615,-53.2925,0
-27.0161,-52.5495,0
-17.9419,-46.8719,0
-13.2882,-58.7059,0
-24.6660,-49.4650,0
-23.9526,-54.1760,0
 26.2386,-91.2541,0
 -8.5645,-57.0928,0
