-29.2119,-63.9818,0
-27.2440,-65.7834,0
-28.6761,-59.4027,0
-28.0127,-60.0814,0
-28.2713,-60.0254,0
-23.5059,-64.1205,0
-23.6558,-46.0651,0
-25.7597,-48.0054,0
-28.2759,-59.7645,0
  4.0844,-28.6644,0
-20.3943,-48.2469,0
-29.9641,-57.1375,0
-27.8972,-65.0190,0
-28.6417,-63.4910,0
-29.3512,-66.1113,0
-14.6056,-56.8780,0
-28.6528,-47.7148,3
-20.3641,-50.3956,0
 -5.1366,-47.1683,0
-23.7658,-45.9583,0
-28.1265,-48.2894,0
-14.7650,-56.7655,0
-25.3628,-64.9916,0
-28.5074,-63.2195,0
-28.4889,-47.8952,3
-28.7575,-62.1839,0
-28.8279,-59.4109,0
-28.5371,-48.0957,0
-28.3533,-59.7034,0
-27.2980,-67.8381,0
-24.9327,-64.9349,0
 -6.6781,-41.5750,0
-28.3731,-60.2285,0
-29.7705,-67.3517,0
-28.2236,-59.7792,0
-28.2207,-59.5969,0
-28.2874,-47.8234,3
-25.8050,-47.9241,0
-28.2637,-57.5109,0
  4.8512,-40.3733,0
-28.5026,-63.3306,0
-25.6161,-65.1873,0
-28.4063,-59.4717,0
-27.7783,-66.5991,0
-27.9832,-62.1803,0
-29.4264,-58.0742,0
-28.0307,-60.2543,0
-28.4343,-58.6494,0
 -7.8925,-55.2296,0
-28.2191,-47.8079,0
-28.3524,-59.7652,0
-27.5439,-61.8924,0
-28.1928,-59.6683,0
  1.0580,-78.7472,0
-27.9714,-64.8364,0
-28.4830,-59.4748,0
-26.9308,-65.4921,0
-28.7298,-58.5652,0
 36.9177,-52.0569,0
-27.2681,-67.7566,0
  3.1510,-38.8473,0
-27.5448,-67.0873,0
-28.0625,-60.1608,0
-28.6581,-59.3442,0
-29.5692,-67.4652,0
-25.7338,-47.9639,0
-27.6358,-64.7695,0
-23.6733,-45.9454,0
-22.9743,-46.5074,0
-23.9122,-49.5594,0
-14.5799,-56.8715,0
-29.0535,-61.5269,0
-25.4089,-64.8026,0
-28.2276,-63.9154,0
-23.4380,-63.8677,0
-28.7519,-59.3851,0
-28.5760,-60.2008,0
 -6.4237,-43.3186,0
-28.5115,-63.2987,0
-28.4591,-59.7291,0
-20.8726,-65.2139,0
-25.7422,-47.9342,0
-20.2918,-50.3886,0
-30.0502,-65.2043,3
-27.4264,-67.1151,0
-28.5990,-59.2667,0
-20.3169,-48.0579,0
-25.6127,-65.1164,0
-11.1600,-61.3543,0
  0.2419,-71.1761,0
-28.1996,-59.6956,0
-29.2313,-58.1527,0
-28.4723,-59.5574,0
-30.1252,-65.1170,0
-29.3836,-67.3373,0
-28.4931,-63.3190,0
 -9.9209,-63.4583,0
-15.2872,-55.8816,0
-28.3439,-59.7495,0
  4.8833,-40.4612,0
-28.5516,-59.4723,0
 -6.5866,-43.3735,0
 -5.1932,-47.0266,0
  3.9176,-27.7200,0
-27.9102,-62.1965,0
-25.7967,-48.0152,0
-27.2735,-67.7873,0
-27.6094,-61.8874,0
-25.3995,-65.0355,0
-28.7487,-58.4650,0
-28.4397,-59.3853,0
 -9.6896,-63.4874,0
-25.7167,-64.9916,0
-28.4330,-63.3358,0
 -6.5218,-42.9523,0
  4.8413,-40.4292,0
 -4.5086,-59.8437,0
-23.7426,-46.0143,0
-20.3170,-50.4305,0
  2.4254,-77.8086,0
-28.0365,-60.0143,0
-28.2746,-59.7238,0
-25.7736,-47.8389,0
-28.3643,-58.7604,0
-28.2742,-59.5042,0
-28.7681,-59.4643,0
-28.0383,-47.5564,0
 -5.1171,-47.1953,0
-23.7382,-45.6257,0
-25.9880,-52.4040,0
-14.7296,-56.7662,0
 -2.8895,-50.8477,0
  0.2966,-71.1306,0
  4.4980,-22.6283,0
-28.1253,-60.1515,0
-25.9702,-48.1711,0
-28.4900,-58.6337,0
 -0.3601,-80.0129,0
-26.0667,-52.4447,0
-28.4577,-63.2949,0
-28.0056,-62.1819,0
-20.5045,-48.0153,0
-28.2798,-59.7955,0
 -9.6732,-63.7839,0
-14.5740,-56.8840,0
-28.9374,-59.4319,0
-28.5207,-59.3723,0
-11.0835,-61.4372,0
-28.5061,-63.3175,0
-23.4416,-63.8033,0
-28.1227,-59.6566,0
-25.6911,-48.0658,0
-28.6329,-63.0365,0
  1.0633,-78.8663,0
-18.5561,-65.6055,0
-20.4384,-48.2263,0
-28.4522,-63.8638,0
-28.4794,-63.3289,0
-28.2213,-60.1844,0
  5.2370,-86.9444,0
-27.6412,-64.7936,0
-28.5653,-59.6076,0
-23.6108,-45.9157,0
-29.9334,-67.3196,0
-25.7962,-47.9683,0
  4.2417,-26.4757,0
-27.9205,-62.1471,0
-28.4036,-50.8658,0
-28.5996,-58.6188,0
-28.1111,-60.1526,0
-12.5327,-59.0381,0
-25.8691,-52.4523,0
-28.3528,-59.7748,0
-28.7648,-59.4212,0
-20.3230,-50.3797,0
-28.2030,-59.5713,0
-29.9323,-57.4915,0
-27.4847,-67.0320,0
-28.2805,-58.7381,0
-27.7940,-58.2650,0
  4.3310,-22.1112,0
-28.4848,-59.4659,0
-26.7973,-48.9588,0
-28.4499,-63.3121,0
-29.2039,-59.2480,0
-28.2779,-60.1036,0
-28.4368,-58.6867,0
 -9.8515,-63.4195,0
-25.8140,-47.9267,0
-29.2308,-59.0560,0
-23.4357,-63.9143,0
-20.3026,-48.0573,0
  3.8049,-27.8071,0
-28.1801,-62.5086,0
-29.9678,-64.4513,0
-29.2594,-63.7000,0
-28.3186,-59.7471,0
-28.7120,-58.5717,0
-29.0952,-59.2483,0
-29.2185,-61.4788,0
-23.9220,-49.5424,0
-22.4426,-46.8165,0
