-37.1991,-62.7221,0
-16.4494,-68.1461,0
  5.1035,-70.0099,0
-35.0693,-63.9769,0
 23.9741,-93.4200,0
 23.7984,-93.7784,0
 26.2259,-90.8300,0
-28.0245,-54.5919,0
-26.3335,-59.1809,0
 23.3034,-88.4449,0
-28.8183,-53.2705,0
-33.8352,-64.4644,0
-20.8709,-43.3831,0
 24.2883,-92.2463,0
-36.2291,-63.0933,0
 25.6131,-91.1132,0
 26.4608,-90.1197,0
-35.9765,-63.6842,0
 -0.9515,-76.2494,0
-33.9457,-64.3064,0
-22.1137,-66.1261,0
-35.2030,-63.9673,0
 24.1805,-87.9766,0
-36.2820,-63.2798,0
 23.9046,-93.4772,0
 25.2409,-84.1854,0
 26.9450,-89.6700,0
 -6.0982,-56.2750,0
-20.9396,-43.4687,0
-36.8740,-62.4711,0
-36.4848,-62.6391,0
 26.1748,-90.9283,3
-37.4715,-61.6992,0
-33.9662,-65.4863,3
 26.9159,-89.7212,0
-33.1567,-67.8911,0
-33.9627,-65.4608,0
 24.2843,-92.2305,0
 26.0720,-91.0577,3
 25.4234,-91.2729,0
-35.7237,-63.9335,0
-35.3764,-63.9093,0
 23.1907,-88.4248,0
-34.4426,-64.0190,0
 23.6979,-94.1100,0
-36.2428,-63.2778,0
-20.2892,-42.6978,0
-18.7278,-66.6532,0
 -6.8877,-57.9343,0
-35.1170,-63.8645,0
 -6.8316,-57.4979,0
 25.8500,-91.0852,0
-35.9268,-63.8216,0
 23.5698,-88.4314,0
 26.9805,-89.6795,0
 26.3043,-91.1464,0
-35.1139,-64.0027,0
-21.0613,-43.9812,0
 24.0681,-88.1355,0
  2.1394,-35.0542,0
-29.6094,-53.8782,0
 23.9304,-93.9708,3
 -7.0915,-57.4768,0
 24.2530,-92.2964,0
-27.8937,-48.9417,0
-35.5637,-63.8104,0
 26.2456,-90.8373,0
 23.9620,-93.4693,0
 24.4072,-92.6934,0
-34.8518,-63.9860,0
 24.2230,-93.0944,0
 24.0364,-93.9208,0
 -8.7603,-73.7537,0
 24.2760,-92.2283,0
-35.8471,-63.7407,0
-18.5034,-66.6549,0
 26.9707,-89.6683,0
-20.8583,-43.4652,0
 23.8307,-93.7968,0
-35.3220,-63.8890,0
-18.0843,-66.8946,0
-35.7645,-63.7968,0
-32.9794,-67.8074,0
-28.7797,-48.1034,0
  5.1842,-69.9899,0
-36.4845,-62.6663,0
-35.8575,-63.5472,0
 24.3979,-92.8502,3
-33.0299,-67.6492,0
 26.9908,-89.6476,0
  3.1812,-76.8068,0
-28.1125,-49.0669,0
 25.6256,-91.1355,0
-36.2373,-63.2157,0
-35.1152,-63.9596,0
 24.3209,-92.2448,3
-12.1484,-59.4807,0
-33.2195,-66.4818,0
-36.8433,-62.4989,0
 23.6177,-94.1939,0
 24.1222,-92.3493,0
 24.2146,-87.9757,0
 -6.9977,-57.7207,0
 24.5390,-92.7419,0
-22.2636,-65.7385,0
-35.2790,-63.9301,0
 24.3051,-93.3891,3
-35.7928,-63.9077,0
 23.5487,-94.5639,0
-27.4537,-48.9996,0
 -6.3452,-56.4429,0
-34.8370,-63.9116,0
 25.5562,-91.1805,0
-35.1938,-64.0403,0
-36.2670,-63.2553,0
-32.8675,-67.5791,0
 24.2976,-93.4166,0
 23.9409,-93.4391,3
  2.1900,-33.7362,0
  4.2530,-62.5730,0
-22.2573,-65.5840,0
-22.2547,-65.7761,0
 23.9369,-93.4050,0
-36.3995,-63.0674,0
 29.5414,-87.3470,0
-11.1576,-57.6987,0
 26.9685,-89.6573,0
 25.4579,-91.2321,0
 24.2873,-92.2520,0
-35.0389,-64.0196,0
-28.0445,-54.5765,0
-36.1347,-63.8946,0
-35.3106,-63.8323,0
-33.3876,-66.8586,0
 25.6383,-91.1356,0
 26.9204,-89.7161,0
-27.3206,-49.0409,0
-28.3939,-47.8377,0
 26.2454,-90.8416,0
 23.6299,-94.1174,0
-20.9637,-43.7081,0
-35.4409,-63.8100,0
-33.1573,-67.9120,0
-34.9786,-64.3320,0
-40.4199,-67.6073,0
-35.6945,-63.7667,0
 26.2931,-91.1635,0
 24.2754,-93.8565,3
 -6.9139,-57.5557,0
-36.2324,-63.3465,0
 24.3105,-92.2378,0
-35.6062,-63.7664,0
-16.5717,-68.1096,0
 24.2828,-93.8263,0
 23.9250,-93.9709,0
 23.8951,-93.4799,0
-34.8991,-63.9583,0
-36.1698,-63.2061,0
 25.6114,-91.1601,0
-35.1172,-63.9591,0
 24.4358,-92.6958,0
 24.3534,-92.2983,0
 26.9733,-89.7039,0
-22.2577,-65.8583,0
-33.5137,-67.7121,0
-36.2664,-63.0600,0
-34.4178,-64.1089,0
-37.5957,-61.6860,0
-33.2550,-66.4374,0
-35.9474,-63.8974,0
 24.4481,-93.1351,0
 23.9170,-93.5380,0
-36.2978,-63.2787,0
-36.3800,-64.3137,3
 24.1562,-93.8582,0
-28.7591,-48.4566,0
 24.2688,-92.2273,0
-36.7071,-62.6569,0
-36.2464,-63.1354,0
 25.5659,-91.1775,3
 -3.2516,-51.9206,0
-10.0441,-49.5330,0
-36.2687,-63.1883,0
-27.4911,-49.0333,0
 25.6712,-91.1104,0
 -0.0347,-75.7277,0
-36.4771,-64.2478,0
 26.2401,-90.8297,0
-33.3361,-65.0302,0
  1.0371,-68.0009,0
-21.0855,-43.8470,0
-35.6137,-63.8328,0
 27.0176,-89.6610,0
 24.2855,-92.2221,0
-24.3458,-60.3480,0
-22.1299,-65.9431,0
 23.8730,-93.9990,0
 24.2270,-93.0736,3
-29.6470,-53.7913,0
-35.2779,-63.8383,0
-36.4584,-62.6714,0
 25.5519,-91.1705,0
-39.6875,-62.6907,0
 26.2780,-91.1543,0
-33.3958,-67.2158,3
-36.9505,-61.9769,3
-20.3783,-42.7354,0
-21.8642,-66.2096,0
 24.3179,-92.2912,0
-36.1565,-63.4334,0
 24.2321,-93.0540,0
-39.9594,-62.5097,0
-39.9163,-62.7116,0
 -6.6037,-58.2890,0
-26.3603,-59.0829,0
-33.4478,-67.1964,0
-36.7990,-62.0874,0
-20.8956,-43.4609,0
 26.9182,-89.7033,0
 24.2298,-88.0419,0
 23.9477,-93.4493,0
-35.3878,-63.9542,0
 -2.2486,-74.9883,0
-33.0562,-67.6307,0
 -7.1951,-57.4263,0
-33.8120,-65.7047,0
 25.4588,-91.2366,0
-35.1347,-63.9642,0
-19.1166,-67.1958,0
 26.2328,-90.8377,0
-20.3271,-42.8193,0
 24.1698,-92.2871,0
 27.0067,-89.7448,0
 23.5913,-91.2111,0
-21.0988,-43.9812,0
-36.2442,-63.2146,0
-33.1567,-67.8921,0
-35.9213,-64.0553,3
 23.9387,-93.9214,0
-27.9956,-54.6138,0
-33.3072,-67.0659,0
-35.9789,-64.1557,0
 25.7979,-91.1595,3
-34.8758,-63.9054,0
-35.6601,-63.7688,0
-36.1875,-63.1730,0
-18.7999,-66.6599,0
-33.4679,-66.0138,0
 26.9476,-89.6433,0
-35.7719,-64.2252,3
