-19.5565,-60.2275,0
-33.0113,-51.3708,0
-31.2935,-52.0955,0
-10.9590,-53.9070,0
-34.4508,-48.0209,3
-31.2221,-58.2023,0
-30.8335,-60.9256,0
-11.2921,-53.3011,0
-31.0314,-57.5119,0
-34.5067,-48.0163,3
-31.9348,-53.1189,0
-31.8199,-61.2048,0
-31.0142,-53.9216,0
-32.3221,-51.6211,0
-31.8482,-60.3293,0
-31.3572,-61.3362,0
-34.5226,-47.9237,3
-10.1778,-54.5677,0
-31.1182,-59.4438,0
-11.4099,-53.1583,0
-10.9657,-53.8076,0
-30.4834,-56.3353,0
  4.1727,-78.9847,0
-33.4591,-50.0521,0
-31.2077,-54.2078,0
-20.9141,-57.0796,0
-34.5280,-47.9074,3
-31.5965,-53.3665,0
-34.1080,-48.6310,0
-30.9317,-52.9450,0
-33.7405,-48.2042,0
-30.5743,-56.0324,0
-14.0019,-71.2171,0
-34.0954,-47.7724,0
-31.0275,-57.2507,0
-32.6113,-51.6935,0
 -8.7565,-56.7480,0
-10.1366,-54.2227,0
-23.8050,-51.3213,0
-10.2230,-55.1283,0
-32.0058,-53.2445,0
-30.2805,-62.4808,0
-30.9509,-59.3912,0
-34.8054,-47.9719,0
-11.3943,-53.6534,0
-33.5249,-50.7112,0
-11.2758,-53.2904,0
-31.6733,-59.0103,0
-31.2948,-52.0692,0
-30.6605,-53.3473,0
-30.8831,-56.6132,0
 -8.3912,-37.7188,0
-30.9380,-55.2799,0
-14.1712,-58.8408,0
-30.7480,-56.2386,0
-31.8049,-58.4953,0
 -8.0047,-59.6215,0
-31.0442,-59.7161,0
-31.6552,-61.6604,0
-11.4987,-53.6119,0
-14.4945,-57.7057,0
-12.2740,-52.5897,0
-17.1833,-60.4487,0
-19.1592,-67.1783,0
-32.9389,-51.3433,0
-22.6451,-56.6876,0
 -9.9674,-55.3386,0
 -2.6170,-44.2761,0
 -8.2423,-55.9041,0
-30.6556,-56.0120,0
-34.6357,-47.8244,3
-31.0347,-58.5811,0
-31.9392,-53.0187,0
-13.7753,-59.8541,0
-11.3484,-53.5209,0
-30.6570,-55.6354,0
 -8.2298,-57.4551,0
-32.1729,-52.8981,0
-30.8226,-60.8571,0
 -8.5866,-57.4758,0
-33.6095,-50.6130,0
-39.6154,-48.8479,0
-34.7319,-47.7683,3
-19.8445,-57.7811,0
-31.8165,-61.1350,0
-28.2841,-67.8156,0
-10.2138,-54.5904,0
-31.6611,-60.3343,0
-10.6262,-54.0645,0
-33.6677,-49.3326,0
-34.7613,-47.6598,3
-30.7235,-55.5337,0
-32.7421,-51.8220,0
-30.2308,-62.3936,0
-32.1656,-51.7102,0
-10.6646,-53.7336,0
-30.8228,-54.9265,0
-30.8739,-56.7087,0
-30.7470,-56.4585,0
-35.0369,-47.8518,3
-11.3384,-53.3630,0
-31.8884,-60.4289,0
-31.1552,-53.9336,0
 -9.6577,-55.8454,0
-35.1883,-48.0614,3
-34.0321,-49.0966,0
-31.9300,-53.2451,0
-30.2286,-62.4857,0
-32.2932,-51.5955,0
-33.7452,-50.4487,0
-31.7959,-53.1269,0
-31.0242,-53.6053,0
-11.4589,-53.5894,0
-16.4386,-64.4959,0
-34.0691,-48.6317,0
-35.3036,-48.2611,3
-11.5100,-53.1440,0
 -8.9691,-58.9384,0
-30.8179,-54.5865,0
-31.6768,-60.6062,0
-31.2322,-58.1090,0
-30.8795,-54.3140,0
-31.0142,-58.7272,0
-11.5689,-54.5949,0
-15.6122,-64.3220,0
-10.2521,-54.5853,0
-15.1651,-59.3790,0
-30.9678,-59.5535,0
 -7.6342,-57.4724,0
 -8.6251,-57.1940,0
-14.8506,-59.8089,0
-11.2228,-53.3316,0
-31.1555,-61.7021,0
 -2.9653,-43.1426,0
-16.4541,-61.5902,0
-35.2231,-48.4116,0
-20.9132,-57.1386,0
 -7.6062,-57.4867,0
-33.5360,-50.7511,0
-30.9382,-58.1954,0
-10.9944,-53.8429,0
-34.2002,-48.6752,0
 -4.7393,-61.8525,0
-31.8116,-61.2214,0
-31.0858,-57.4718,0
 -3.4200,-42.1289,0
-11.3622,-53.2519,0
-33.8196,-49.1686,0
-30.8462,-55.2088,0
-17.4000,-69.2976,0
-30.8889,-54.2022,0
-31.1054,-58.6953,0
-31.5828,-53.4473,0
-10.6557,-54.8776,0
-30.5747,-56.0322,0
-22.1118,-50.8460,0
-30.2586,-62.4913,0
-32.1479,-51.7148,0
-14.4831,-58.5111,0
-30.4454,-55.1423,0
-32.5825,-51.6479,0
 -6.8802,-60.2807,0
-16.7854,-68.3043,0
-33.7166,-49.6887,0
-31.1129,-59.4602,0
-13.6740,-59.8173,0
 -9.8163,-55.5458,0
-32.0783,-53.0548,0
-31.1722,-52.1831,0
-11.2755,-53.3206,0
 -8.8289,-56.7575,0
-10.8797,-54.8407,0
-33.3520,-50.7975,0
-32.0143,-51.7558,0
-30.9296,-55.1851,0
-11.3911,-53.6132,0
-30.4869,-56.2412,0
-15.1535,-69.1900,0
-31.3095,-59.3101,0
-11.4660,-53.1540,0
-30.8508,-54.8415,0
-33.4960,-49.8159,0
 -2.9760,-44.3212,0
-13.2630,-53.0224,0
-33.4654,-50.6679,0
-31.3297,-59.6497,0
-30.5743,-56.0326,0
-18.7959,-51.1117,0
-31.7767,-60.2234,0
-32.3753,-51.4568,0
-34.0865,-48.6227,0
-10.2016,-54.5763,0
-31.5534,-53.3795,0
-14.9928,-73.5996,0
-30.8964,-56.0470,0
-31.9386,-53.1672,0
-14.6449,-59.6021,0
-11.3257,-53.3915,0
-30.5750,-56.0063,0
-14.8593,-59.1154,0
-31.0405,-59.0826,0
-31.2505,-59.8817,0
-30.8121,-57.1865,0
-29.4709,-63.8294,0
 -2.6981,-44.4562,0
 -9.9797,-54.2366,0
-31.8555,-53.1921,0
-31.0219,-54.8128,0
-32.2202,-51.6021,0
-32.1012,-52.7093,0
-31.2979,-58.6623,0
-31.9470,-59.9148,0
-31.1457,-59.2634,0
-30.6616,-55.8232,0
-15.2444,-59.1676,0
-32.3401,-52.5497,0
-11.0382,-53.7664,0
-33.5083,-50.8348,0
-33.7185,-49.3136,0
-32.1503,-51.6388,0
-32.7707,-51.5065,0
-15.0197,-58.6593,0
-31.4773,-59.6791,0
-31.4596,-53.3975,0
-34.1179,-48.6274,0
-32.0133,-53.0462,0
-30.8353,-60.9318,0
-11.4798,-53.7064,0
-30.7520,-56.2458,0
-10.9397,-54.1453,0
-30.3194,-62.3371,0
 -8.4531,-57.5269,0
-14.5664,-58.9327,0
-11.3422,-53.2840,0
 -4.5542,-39.5534,0
-33.5268,-50.5292,0
-17.2050,-60.3943,0
-30.4827,-56.3327,0
-31.2254,-58.6246,0
-31.3875,-61.3268,0
-32.3886,-60.1216,0
-30.9739,-53.9333,0
-33.5067,-49.7519,0
-11.4597,-53.6121,0
-28.9837,-52.1971,0
-30.6932,-55.1642,0
-31.3457,-52.0705,0
 -9.6720,-55.8813,0
 -9.9144,-55.3453,0
-31.7754,-60.3351,0
-32.9707,-51.3388,0
-30.9447,-59.5604,0
-33.4411,-49.5316,0
-30.8366,-53.2969,0
-31.3243,-53.4248,0
-31.1643,-59.4223,0
-11.3693,-53.1556,0
-31.6522,-53.3501,0
-33.4527,-49.5341,0
 -8.4282,-36.6049,0
-22.1453,-56.6863,0
-25.1960,-66.1202,0
-10.6629,-53.7668,0
-31.9913,-51.7657,0
-11.6428,-52.7414,0
-34.0738,-48.6577,0
-31.0531,-53.8685,0
-30.5729,-56.0326,0
-11.3668,-53.6460,0
-30.7852,-55.2478,0
-31.6786,-51.9655,0
-31.6434,-59.1131,0
-30.5084,-55.5788,0
 -8.6371,-57.4536,0
-14.1273,-58.7846,0
 -9.6589,-55.8041,0
-11.5043,-53.1415,0
-31.1642,-53.6822,0
-12.0373,-53.5631,0
-33.5208,-50.7043,0
-30.2151,-62.4248,0
-30.8895,-56.4501,0
-32.0065,-53.1210,0
-32.9316,-51.3515,0
-32.4325,-51.5043,0
-11.2741,-53.3204,0
 -7.4071,-58.4030,0
-32.1505,-51.6135,0
-10.2448,-54.5863,0
 -8.7555,-56.7269,0
-15.5700,-63.4757,0
-34.0414,-48.5512,0
-32.2702,-52.3724,0
-11.4353,-53.2513,0
-10.1829,-55.0986,0
-31.1372,-59.3312,0
-13.9659,-58.9012,0
-20.9116,-57.1387,0
-31.2219,-58.1191,0
-14.8680,-59.8308,0
-30.7877,-54.5582,0
-14.0777,-70.7703,0
-31.9356,-53.0689,0
-33.4254,-50.7706,0
-10.9559,-53.7509,0
-31.4711,-53.6150,0
-11.2742,-53.3203,0
-30.8822,-54.3138,0
-31.3562,-61.4734,0
-32.9316,-51.3515,0
-11.7138,-60.9421,0
-30.2266,-62.5103,0
 -8.7528,-56.7153,0
-14.0012,-70.9854,0
-31.2422,-53.9148,0
-31.2721,-58.9170,0
-30.8593,-57.3646,0
-32.2537,-51.6796,0
-15.1669,-59.1345,0
 -3.0119,-43.0733,0
-14.1277,-58.7223,0
-10.4252,-54.2578,0
-12.2667,-52.5978,0
-11.0032,-53.8498,0
-10.8678,-55.4894,0
-28.3371,-67.7469,0
-22.0855,-50.7800,0
-11.3676,-53.2235,0
-32.0521,-51.7456,0
-33.0317,-51.1642,0
-31.3913,-53.4264,0
-30.9815,-61.1902,0
-30.9667,-59.4414,0
-11.1807,-53.4737,0
-31.3848,-58.5021,0
-30.8405,-57.1773,0
-32.1837,-52.9533,0
-31.4130,-59.2418,0
-31.6932,-53.4352,0
-30.9800,-53.3520,0
-31.1644,-53.2235,0
-33.6863,-49.3627,0
-30.3097,-62.3810,0
 -5.0381,-61.5634,0
-32.4529,-51.7143,0
-32.0684,-59.1029,0
-31.7974,-61.1376,0
-30.2501,-54.6027,0
-30.8321,-56.7505,0
-10.1770,-56.7268,0
-32.0946,-52.9222,0
-30.3953,-56.5428,0
-33.3465,-50.7992,0
-11.3703,-53.5636,0
-24.7435,-66.0555,0
-32.3372,-51.4518,0
-11.2746,-53.3205,0
-17.0681,-60.2571,0
-30.2578,-62.4785,0
 -8.6597,-57.4623,0
-10.2954,-54.5588,0
 -2.9639,-43.2255,0
-32.0953,-59.6134,0
-30.3179,-56.8523,0
-30.7015,-55.1745,0
-10.0399,-54.2089,0
 -7.2835,-57.3871,0
-32.0135,-53.0458,0
-30.8808,-60.9511,0
-11.3468,-53.3400,0
-10.9921,-53.7595,0
-30.8778,-54.3140,0
-32.9325,-51.3518,0
-31.0268,-59.5439,0
 -9.7452,-55.8469,0
-11.4281,-53.2153,0
-31.0284,-56.9090,0
-30.8961,-56.0468,0
-31.2935,-52.0867,0
-34.0873,-48.6395,0
 -2.9641,-43.2257,0
-16.5931,-62.8985,0
-32.1516,-51.6137,0
-10.5970,-54.0843,0
-11.4985,-53.6009,0
 -4.1815,-40.6108,0
-31.7229,-53.6746,0
-30.8270,-54.8846,0
-32.0119,-53.0886,0
 -9.8839,-55.5379,0
-31.3342,-59.5576,0
-33.9912,-48.8805,0
-32.3975,-51.4925,0
-14.4822,-58.5389,0
 -3.3604,-42.1955,0
-11.4681,-53.1455,0
-19.6405,-65.7431,0
-31.9676,-60.9708,0
-11.2251,-53.3320,0
-30.4413,-56.2373,0
-31.4683,-53.4043,0
-17.0938,-60.4951,0
-31.3399,-52.8574,0
-31.0514,-57.4987,0
-14.0300,-64.9417,0
-30.6713,-55.5610,0
-23.5486,-65.2376,0
-10.9870,-53.8903,0
-32.1989,-51.6981,0
-13.7752,-59.8481,0
-11.2730,-53.4759,0
-23.8602,-65.8920,0
-23.3907,-48.4575,0
-31.1372,-59.5475,0
-33.5949,-50.5956,0
