-11.4992,-53.6895,0
-10.8883,-54.8635,0
-31.1436,-53.7888,0
-11.8716,-60.6577,0
-10.1257,-54.2192,0
-31.3951,-53.3797,0
-15.1777,-58.5225,0
-10.1997,-54.6262,0
-31.0820,-59.0514,0
-10.0345,-55.3604,0
-31.8646,-61.0417,0
 -2.9676,-43.2386,0
-14.9387,-59.0365,0
-18.7917,-51.0552,0
-31.6872,-53.6322,0
-31.1812,-54.0807,0
-24.2654,-50.4285,0
-30.6023,-55.2722,0
-11.3944,-53.3131,0
-30.8901,-54.0525,0
-30.4947,-56.2346,0
-31.6961,-53.3306,0
-31.1432,-59.4465,0
-30.2482,-62.4680,0
-32.0565,-51.7447,0
  3.9593,-78.8476,0
-11.0433,-53.7305,0
-31.6601,-61.6714,0
-12.0796,-53.5473,0
-11.2743,-53.4592,0
-30.7292,-56.4590,0
-30.9504,-60.7434,0
-33.2942,-50.8240,0
-31.1000,-53.7800,0
 -3.4411,-42.0656,0
-16.5846,-62.9193,0
-20.1111,-66.7036,0
-16.9397,-60.2579,0
-31.2010,-61.6827,0
-32.0942,-59.0844,0
 -9.9567,-56.2756,0
-30.6566,-55.2639,0
-11.0419,-53.8478,0
-31.0935,-57.5850,0
-10.6035,-54.1128,0
-31.3625,-61.2230,0
-31.8880,-53.0215,0
 -8.7582,-56.6683,0
-10.2886,-54.5541,0
-31.6046,-53.4500,0
-30.6733,-55.7536,0
-30.9133,-57.7221,0
 -7.5606,-57.7668,0
-33.6191,-50.4101,0
-34.0565,-48.5705,0
-30.7938,-54.4618,0
-31.4503,-59.6240,0
-31.9459,-59.8862,0
-31.3976,-53.3442,0
-31.3781,-51.9820,0
-33.8551,-50.1771,0
 -9.5910,-55.9374,0
-30.2419,-62.4176,0
-11.4294,-53.2273,0
-30.8388,-60.8546,0
-30.6645,-55.9483,0
-32.3256,-51.3958,0
-20.7522,-57.0791,0
-30.8598,-52.8603,0
-31.7645,-61.1391,0
-15.2465,-59.1299,0
 -5.4168,-36.8165,0
-10.4176,-54.3132,0
-31.6721,-60.8086,0
-10.2021,-54.6261,0
 -5.4301,-36.8036,0
 -9.6310,-59.2889,0
-18.7134,-51.2314,0
-31.6932,-53.4361,0
-20.7968,-57.0463,0
 -9.3695,-55.9838,0
-30.7901,-56.8228,0
-30.4407,-56.2218,0
 -4.4931,-39.5486,0
-32.4398,-51.6190,0
-14.8362,-69.4950,0
-33.4859,-49.8198,0
-23.4957,-51.8182,0
-32.1393,-53.0257,0
-30.6701,-55.6327,0
-10.9655,-53.9007,0
-31.2993,-51.9867,0
-11.2972,-53.3851,0
-31.3359,-59.2436,0
-11.5618,-53.1814,0
-31.0367,-59.2605,0
 -8.8182,-56.5787,0
-31.6801,-60.6266,0
-30.6414,-56.1127,0
-30.7936,-54.4622,0
 -7.4135,-57.5954,0
-23.9341,-66.0664,0
-10.1193,-55.2701,0
-32.2267,-51.6775,0
-11.6632,-52.8131,0
-32.4492,-51.4274,0
-10.2027,-54.5673,0
-33.0127,-51.3246,0
-30.7791,-54.8471,0
-31.6266,-53.2604,0
-33.3483,-50.7990,0
-24.7371,-66.0715,0
-32.0585,-59.3509,0
-34.1522,-48.5116,0
-33.5178,-50.7278,0
-31.0185,-52.8560,0
-32.9561,-51.2425,0
-30.8159,-57.2789,0
-32.4476,-52.4297,0
 -9.4968,-55.8970,0
-14.5798,-58.9819,0
-10.0572,-54.1364,0
-13.3270,-58.8825,0
-11.2830,-53.3213,0
-30.4339,-56.2746,0
-31.9369,-53.1206,0
-31.1978,-61.6950,0
 -9.9700,-55.6136,0
-31.0393,-58.6524,0
-31.4734,-53.3053,0
 -3.3547,-42.1955,0
-11.0311,-53.8186,0
-30.6886,-55.1069,0
-11.3403,-53.6804,0
-32.1090,-52.6216,0
-30.8879,-54.2760,0
 -8.2591,-37.1169,0
-23.5529,-65.2746,0
-31.3717,-58.5560,0
-32.4436,-60.1450,0
-18.6982,-51.1638,0
-32.5594,-52.0462,0
-31.0336,-59.3453,0
-11.0579,-53.8952,0
-32.0003,-52.9627,0
-31.2435,-58.1573,0
-32.3077,-51.5618,0
-30.6190,-55.7390,0
-30.5770,-55.9668,0
 -2.9406,-43.1650,0
-11.4288,-53.2269,0
-30.6861,-55.3447,0
-31.8564,-51.7980,0
-13.2837,-53.0218,0
-22.1122,-56.6177,0
-32.1245,-51.6442,0
-10.4059,-54.2518,0
-14.4918,-58.5773,0
-11.2836,-53.3926,0
-32.9356,-51.3028,0
-14.7412,-74.2655,0
-33.5552,-49.7068,0
-30.6735,-55.9628,0
-30.8059,-54.1184,0
-19.8682,-57.7445,0
-31.8469,-59.9289,0
-30.4903,-56.1426,0
-30.8314,-54.7801,0
-30.3062,-56.8425,0
-10.6499,-54.9049,0
-30.2162,-62.4993,0
-34.0811,-48.6195,0
-11.5350,-53.0601,0
 -8.6790,-57.4653,0
-11.3458,-53.7094,0
-30.9000,-60.9189,0
-18.5962,-66.8178,0
-13.9229,-71.1320,0
-31.3707,-61.3166,0
-10.0051,-55.5348,0
-32.4648,-51.6824,0
-22.6987,-56.6565,0
-31.1496,-53.6144,0
-15.1677,-69.1744,0
-30.6548,-56.0299,0
-19.6408,-65.7396,0
 -7.4374,-57.3791,0
-32.2597,-51.4982,0
-12.2972,-56.5360,0
-15.2440,-59.2347,0
-25.2720,-66.5023,0
-10.8004,-54.8993,0
-31.2731,-56.5476,0
-30.2343,-54.7107,0
-12.2624,-52.5973,0
-32.0839,-58.7515,0
-18.7974,-51.0423,0
-30.9791,-57.8619,0
-15.0207,-58.6180,0
-30.9116,-56.0081,0
-31.1095,-59.5395,0
-12.0286,-63.3599,0
-11.0184,-53.8545,0
-34.1512,-48.6070,0
-31.8411,-53.0424,0
-32.1744,-51.5588,0
-11.2778,-53.7055,0
-30.5839,-56.0291,0
-15.2469,-59.1551,0
-14.9169,-59.0367,0
-23.3972,-48.4855,0
-32.3891,-51.4339,0
-31.0060,-52.8283,0
-31.6443,-61.6306,0
-31.4686,-53.3900,0
 -6.5847,-60.3254,0
-11.0396,-53.9069,0
-32.9397,-51.1906,0
-30.8289,-60.8556,0
-33.5052,-49.4870,0
 -2.6627,-44.5133,0
-13.7796,-59.8479,0
-32.0673,-53.0288,0
-31.6976,-51.8891,0
-11.3560,-53.3387,0
-30.8016,-56.1905,0
-20.9139,-57.0606,0
-32.1024,-60.3893,0
-31.0462,-53.7398,0
-33.4247,-49.4200,0
-11.3246,-53.7022,0
-19.4853,-57.0644,0
-10.0558,-54.1471,0
-33.2794,-50.8226,0
-32.0693,-51.7398,0
-11.0408,-53.8100,0
-31.1353,-53.8063,0
-32.4669,-51.4080,0
-31.5001,-59.7742,0
-14.4305,-62.8480,0
-30.6682,-55.6324,0
-31.9446,-52.8695,0
-30.7726,-54.4896,0
 -8.8308,-56.7229,0
-30.7395,-55.8961,0
 -8.6109,-57.2409,0
-14.1525,-72.3390,0
-30.5233,-56.2616,0
-30.8079,-56.3638,0
-32.4187,-52.6792,0
-31.3489,-52.0688,0
-32.6990,-51.3820,0
-33.7662,-49.2174,0
-31.3433,-61.3574,0
-30.6910,-55.3560,0
-30.9752,-53.9053,0
-31.6970,-60.3425,0
-18.7803,-51.0574,0
-31.0003,-58.1540,0
 -9.7007,-55.8781,0
-31.5018,-59.7556,0
-31.1123,-59.4768,0
 -9.9728,-55.3671,0
-31.7870,-53.0024,0
-10.9660,-53.7505,0
-23.9132,-65.8018,0
-33.4830,-50.5880,0
-30.6495,-55.8012,0
-30.1710,-62.5001,0
 -9.6295,-59.2883,0
-31.3578,-53.3960,0
-31.9921,-51.7650,0
 -2.7349,-44.5107,0
-33.9800,-48.9660,0
-14.3231,-58.9257,0
-30.8465,-57.8319,0
-30.6649,-53.3075,0
-11.2748,-53.3318,0
-10.2003,-54.5438,0
-20.8323,-57.0662,0
-34.1402,-48.5130,0
-30.8319,-54.9174,0
 -3.4417,-42.3003,0
 -2.8894,-43.1842,0
 -9.9644,-55.5763,0
-32.4039,-51.6301,0
-32.7801,-51.4186,0
-32.1517,-51.6072,0
-31.8595,-53.0921,0
-15.7631,-64.5873,0
-15.2549,-59.0111,0
-30.6833,-55.4394,0
-11.5820,-53.0807,0
-11.0506,-53.7846,0
-31.4123,-59.2806,0
-30.8596,-54.7193,0
-18.1916,-69.1900,0
-31.1976,-61.6509,0
 -9.8383,-55.8223,0
-13.6789,-59.8466,0
-31.1638,-59.3846,0
-18.7167,-51.0579,0
-30.7956,-52.9325,0
-30.6156,-55.9424,0
-30.3449,-56.4690,0
-30.7215,-54.1943,0
-19.5327,-57.2580,0
 -9.8915,-55.5486,0
-14.0766,-72.3404,0
 -8.8735,-60.8779,0
-11.0405,-53.8559,0
-31.9177,-52.9694,0
 -8.7142,-56.7751,0
-30.2388,-62.4646,0
-30.9133,-52.7754,0
-31.5913,-53.2246,0
-10.2008,-54.6258,0
-32.9372,-51.2484,0
-30.8731,-56.7115,0
-30.9736,-53.9522,0
-32.1219,-51.5642,0
 -3.0363,-42.9944,0
-34.0788,-48.5362,0
-10.1773,-56.7266,0
-30.9991,-59.5200,0
-10.6720,-54.1746,0
-33.2556,-49.6832,0
-31.1980,-54.4469,0
-11.4652,-53.6725,0
-30.8848,-54.1495,0
-14.4377,-62.4618,0
-11.4123,-53.2611,0
-31.3089,-58.8043,0
-23.9319,-66.1272,0
-32.0135,-53.0455,0
-31.2696,-53.8778,0
-30.7780,-55.4299,0
-32.1077,-52.6221,0
-32.2156,-51.6079,0
-17.2517,-60.4264,0
-10.1364,-55.1926,0
-32.0982,-52.8435,0
-30.9289,-57.8793,0
 -8.7940,-37.1796,0
-31.4553,-58.5036,0
-31.0171,-52.8559,0
-31.3042,-51.9846,0
-33.4719,-49.8246,0
-31.2215,-58.0905,0
-11.1731,-55.2698,0
-10.9651,-53.9171,0
-10.2132,-54.6053,0
-31.3784,-53.3332,0
  5.8287,-78.4556,0
-12.2930,-56.5484,0
-31.8593,-53.0924,0
-17.0286,-70.0724,0
-10.0826,-54.1632,0
-33.3806,-50.6693,0
-31.0904,-53.7374,0
-21.8560,-56.6486,0
-32.9370,-51.2487,0
-30.6865,-55.1256,0
-11.3382,-53.5516,0
-32.0191,-59.5920,0
-11.0215,-53.8124,0
-32.0133,-51.7587,0
-31.0113,-59.3820,0
-31.6360,-53.3548,0
-17.0968,-60.2687,0
-13.3254,-58.8747,0
 -8.2332,-37.1856,0
-34.0693,-49.4843,0
-31.1963,-61.6953,0
-31.3189,-61.3315,0
-10.9899,-54.8011,0
-34.0822,-48.6415,0
-33.1991,-51.0641,0
-32.9352,-51.2859,0
-30.0697,-62.4193,0
-10.0557,-54.1476,0
-30.7034,-54.4910,0
-34.4226,-49.3153,0
-11.3533,-53.2879,0
-31.6949,-61.6466,0
-30.7032,-55.2568,0
-31.7267,-59.0397,0
 -9.9098,-55.2163,0
-32.3989,-51.4073,0
-30.6000,-55.7411,0
-30.7393,-55.8975,0
-12.0243,-53.7984,0
-20.9140,-57.0542,0
-31.8793,-52.9883,0
-30.4374,-56.2881,0
-14.1544,-70.7027,0
 -3.0000,-43.0913,0
-31.2281,-53.6679,0
-30.3099,-62.3812,0
-32.4547,-51.6787,0
-32.0825,-60.3482,0
-11.0388,-53.9556,0
-13.2137,-59.9238,0
-13.1762,-59.6524,0
-11.3311,-53.7022,0
-10.4305,-54.2788,0
-34.6013,-49.4627,0
-10.2976,-54.5926,0
-19.8461,-57.6607,0
-30.8540,-54.2735,0
-17.2581,-69.3035,0
 -9.9707,-55.6095,0
-33.2670,-50.8279,0
-30.6988,-55.1560,0
-32.5532,-51.6029,0
-33.6104,-49.6083,0
-14.9163,-59.0129,0
-32.2305,-51.5466,0
 -2.7348,-44.4572,0
-31.6505,-53.2531,0
-16.7122,-70.3206,0
-30.9414,-55.1855,0
-30.8188,-60.8248,0
-16.6594,-62.4412,0
-11.0409,-53.7927,0
-31.8545,-61.1126,0
-13.7643,-59.8490,0
-31.4421,-53.3806,0
-31.1961,-61.6956,0
