-31.9728,-50.6692,0
-29.9645,-51.2429,0
-30.1694,-54.7844,0
-29.9497,-54.7298,0
-32.1951,-61.3339,0
-34.7657,-46.9275,3
-15.0339,-58.2950,0
-11.5752,-54.1578,0
-11.2828,-54.7900,0
-32.4777,-50.5301,0
-32.2587,-50.7732,0
-30.0731,-55.1246,0
-29.9488,-61.9759,0
-17.7202,-69.5136,0
-11.0165,-55.2858,0
-11.0581,-54.4246,0
-34.5158,-46.8805,0
-11.1838,-55.1091,0
-15.0989,-65.4575,0
-30.5946,-56.0728,0
-18.7520,-51.5579,0
-13.9413,-71.2125,0
-32.3566,-50.6381,0
-30.4578,-59.8800,0
-34.9989,-46.8392,0
-29.5339,-61.9616,0
-13.6374,-59.3141,0
-30.0626,-55.2212,0
-30.8217,-53.8664,0
-30.2418,-62.0354,0
-30.1460,-53.9433,0
 -8.8435,-57.0627,0
-14.0912,-60.0006,0
-26.0756,-66.3466,0
-34.0819,-47.9183,0
-30.0972,-61.6133,0
-36.0689,-46.3901,0
-31.5604,-51.4080,0
-30.3605,-60.6705,0
-32.2790,-50.6650,0
-30.3792,-57.2896,0
-30.7336,-56.3307,0
-22.7494,-49.8053,0
-11.7882,-60.4548,0
 -3.5617,-43.0018,0
-11.2705,-54.2823,0
-29.9326,-54.3704,0
-15.2650,-69.4487,0
-30.2053,-56.0518,0
-10.5342,-55.0854,0
 -9.4824,-52.7499,0
-33.7922,-48.3399,0
-31.1519,-58.5054,0
 -8.5045,-57.8094,0
-30.5515,-61.3773,0
-31.3970,-58.9990,0
-13.7028,-60.2472,0
-11.8677,-54.9629,0
-14.1641,-70.4232,0
-31.8946,-50.8788,0
 -8.3982,-37.2790,0
-11.2629,-54.2917,0
-22.6471,-56.7856,0
 -8.0004,-52.1348,0
 -7.2123,-51.5554,0
-11.6216,-54.1158,0
-10.0896,-53.7446,0
 -5.7320,-37.7072,0
-12.5362,-51.8745,0
 -9.4066,-52.7245,0
-14.8579,-59.2545,0
-30.8132,-59.4951,0
-30.4697,-53.2508,0
-32.7776,-50.2213,0
-32.0692,-50.6508,0
-10.8305,-55.8652,0
-30.2645,-60.0139,0
-29.4808,-53.3894,0
-10.4717,-55.0804,0
-30.6913,-58.9835,0
-33.4551,-48.5593,0
-26.2225,-50.3303,0
 -6.4279,-37.5377,0
-30.5656,-56.5025,0
-11.3501,-54.1792,0
-10.9596,-54.3432,0
-34.2952,-47.7581,0
-23.6094,-52.7076,0
-30.3821,-59.8529,0
-11.5822,-54.1080,0
-32.2444,-61.4165,0
-24.2870,-66.5916,0
-31.2190,-51.7701,0
-15.4781,-59.6635,0
 -9.0958,-57.0266,0
-30.7364,-60.1821,0
-30.5915,-57.7967,0
-23.5502,-65.5871,0
-31.2619,-59.1855,0
-31.4732,-51.8331,0
-30.3799,-59.9250,0
-30.2186,-59.9748,0
-34.0470,-47.9486,0
 -7.1720,-51.4658,0
-30.9413,-51.8029,0
-11.2230,-54.2366,0
-17.2419,-69.7378,0
-33.7801,-49.1801,0
-10.8250,-53.6259,0
-30.5282,-57.9877,0
-29.6908,-61.9963,0
-32.1182,-50.8213,0
-29.6961,-61.7687,0
-11.5635,-54.1618,0
-10.4285,-55.1645,0
-14.8652,-73.8957,0
-11.8571,-54.9639,0
-12.0349,-52.6477,0
-29.9680,-54.3972,0
-29.5798,-63.4631,0
-30.2102,-56.3745,0
-30.3095,-57.2902,0
-12.3817,-52.0400,0
-30.5367,-53.0682,0
-16.5787,-70.1755,0
-13.6921,-59.3614,0
-23.9321,-52.5649,0
-29.5332,-61.9723,0
-30.3565,-56.6337,0
-25.8575,-66.5256,0
-31.0702,-51.7626,0
-34.2670,-47.6922,0
-15.7475,-61.9722,0
-32.3599,-50.5531,0
-31.8377,-57.9804,0
-29.4160,-56.0318,0
-14.8058,-58.0265,0
-11.1918,-54.4541,0
-29.9235,-64.5559,0
-11.4208,-54.2777,0
-12.5577,-51.9178,0
-30.6530,-53.2973,0
-31.3221,-51.5839,0
 -9.2557,-53.2795,0
-10.3481,-56.0772,0
-29.9675,-54.5862,0
-30.1243,-55.1717,0
-23.7806,-49.5955,0
-32.1287,-50.8176,0
-10.5064,-55.0985,0
-10.9545,-55.2801,0
-30.1795,-56.5010,0
 -1.5282,-48.4276,0
-28.8858,-67.5228,0
-15.5520,-59.3141,0
-30.4342,-59.9393,0
-33.5781,-48.4227,0
-34.0453,-47.9675,0
-35.6319,-45.7933,0
-30.1527,-56.0477,0
-30.6696,-58.3577,0
 -6.6218,-37.4169,0
-11.2108,-54.3259,0
-30.4661,-59.6808,0
-15.4574,-58.6080,0
-29.3336,-63.9344,0
-31.2197,-64.8478,0
-30.3661,-57.6620,0
-17.6463,-69.5223,0
-30.1544,-54.1973,0
-31.3829,-60.3976,0
-30.9049,-51.8200,0
-32.0380,-50.7720,0
-29.1992,-54.8759,0
 -3.3054,-43.0447,0
-14.7285,-58.0037,0
-13.6664,-60.2338,0
-33.7085,-48.3723,0
 -5.7793,-37.6833,0
-10.9282,-54.3459,0
 -7.3468,-37.0162,0
-15.9918,-61.8010,0
 -9.6385,-59.5513,0
-31.2995,-60.6903,0
-17.4834,-69.6764,0
-33.1336,-49.8275,0
-33.9565,-48.1805,0
-34.1701,-47.8309,0
-11.8170,-53.1487,0
-21.7453,-94.5928,0
-11.3499,-53.9354,0
-10.1827,-56.9688,0
-27.0942,-50.0814,0
-11.2830,-55.7735,0
 -8.2825,-78.4399,0
-23.7549,-52.7658,0
-30.3196,-60.7678,0
-31.9891,-51.0079,0
-11.9298,-54.7586,0
-12.4460,-51.9290,0
-14.1610,-74.1289,0
-30.3833,-54.0367,0
-11.5591,-54.1266,0
-30.0007,-62.7048,0
-12.4826,-56.8618,0
 -5.6854,-37.7753,0
-24.2146,-65.5953,0
-31.5179,-64.8204,0
-21.4723,-51.2551,0
-34.3762,-47.7097,0
-11.9842,-54.3012,0
-30.3788,-59.9362,0
-30.6924,-53.0486,0
-32.3453,-50.6640,0
-11.2680,-54.8031,0
-10.1872,-56.5346,0
-18.2940,-66.3282,0
-13.4492,-72.0523,0
 -9.7003,-57.3799,0
-29.8356,-62.5676,0
-11.0240,-55.2909,0
-31.2146,-52.3501,0
-10.5096,-55.0761,0
-30.2713,-56.3315,0
-29.5327,-61.9725,0
-11.4260,-54.1937,0
-22.6335,-56.7756,0
 -4.4234,-40.3494,0
-22.6904,-49.6040,0
-30.9055,-51.8142,0
-31.5121,-52.5116,0
-12.5228,-51.9274,0
 -7.1589,-57.8548,0
-29.8835,-62.0935,0
-11.2716,-54.3293,0
-30.3815,-59.8532,0
-30.2444,-62.0911,0
-17.3597,-69.7068,0
-30.0832,-54.2719,0
-16.4803,-63.3047,0
-31.3673,-59.1557,0
-30.1578,-56.6920,0
-30.2563,-60.7088,0
-31.4337,-64.9659,0
-14.8475,-72.3791,0
 -9.7775,-56.2762,0
-11.0389,-55.2534,0
-30.2779,-53.5616,0
-31.3184,-60.9330,0
-34.2263,-47.7733,0
-14.8475,-72.4008,0
-33.6595,-49.2779,0
-11.2006,-54.5559,0
-14.6183,-73.6504,0
-33.2185,-49.6418,0
-27.7787,-52.3340,0
-33.7431,-48.5742,0
-29.9878,-54.9154,0
-11.2103,-54.3059,0
-34.0467,-47.9487,0
-22.7605,-49.8473,0
 -7.2404,-51.5742,0
-15.0194,-58.2964,0
-11.0429,-54.3874,0
-16.5276,-61.8172,0
-32.0212,-50.6469,0
-31.7002,-59.9334,0
 -8.6967,-57.9433,0
-18.6210,-68.5442,0
-13.7022,-60.2472,0
-30.2005,-54.1454,0
-12.0526,-52.6913,0
-32.1240,-61.3632,0
-31.1878,-59.3535,0
-17.1622,-62.6029,0
-30.4696,-59.9141,0
 -3.3182,-42.9061,0
-33.6390,-48.4140,0
-10.1623,-56.1680,0
-11.6319,-54.3151,0
-10.8292,-54.3927,0
-12.8014,-75.5379,0
-13.8634,-59.2033,0
-14.5201,-59.2565,0
-11.1835,-55.1259,0
-29.9035,-54.8382,0
-30.0877,-54.8415,0
 -8.0638,-52.1474,0
 -4.4067,-41.8902,0
-30.4704,-57.5493,0
-30.3042,-60.5004,0
-29.3490,-63.8636,0
-30.7430,-59.0275,0
-13.5488,-60.3384,0
-31.3039,-51.6921,0
 -9.9165,-54.3754,0
-29.5794,-63.4948,0
-11.9801,-58.0170,0
-14.7717,-73.8711,0
-16.7796,-70.3455,0
-11.4010,-55.8686,0
-29.7654,-54.2614,0
-11.3245,-54.2694,0
-14.7967,-58.2512,0
-14.4451,-73.3169,0
-10.5556,-55.0836,0
-27.1402,-52.8769,0
-31.4531,-60.4576,0
 -3.2805,-43.6716,0
-31.5289,-51.7041,0
-12.5315,-51.8954,0
-30.7519,-58.4576,0
-31.8864,-50.8999,0
-30.3844,-59.7732,0
-29.9083,-62.0600,0
-30.2588,-55.0895,0
-32.1548,-50.7079,0
-10.9611,-55.8631,0
-29.5037,-63.6563,0
 -9.4822,-52.7750,0
 -8.6870,-57.1481,0
 -4.1015,-42.5587,0
-24.3526,-54.2560,0
-30.2391,-56.6730,0
-10.9659,-54.4257,0
-11.2245,-54.2342,0
-12.4468,-51.9363,0
-29.9613,-54.5879,0
-30.0108,-61.8951,0
-11.5750,-54.1702,0
-30.1292,-62.2319,0
  2.8620,-33.9236,0
 -9.8743,-77.4413,0
-11.2728,-54.8561,0
-31.2073,-52.3831,0
-12.0289,-54.2893,0
-29.5336,-61.9722,0
-30.0970,-61.6134,0
-26.0764,-66.2723,0
 -7.8206,-36.6442,0
-31.1577,-60.6137,0
-29.6923,-61.9468,0
-30.1088,-56.1484,0
-10.4286,-55.1016,0
 -8.9113,-57.1247,0
-34.1190,-48.8432,3
-15.4123,-71.8527,0
-30.1270,-55.1517,0
-11.2397,-59.8961,0
-15.2136,-69.3164,0
 -8.0307,-55.5208,0
-10.8725,-55.8666,0
-30.3795,-59.9440,0
-28.0370,-54.3170,0
-29.9457,-55.8144,0
-30.1754,-54.3224,0
-21.6984,-51.4592,0
-31.2314,-51.8105,0
-29.8367,-62.5439,0
-30.2901,-60.8103,0
-11.2234,-54.3034,0
-14.0880,-59.9015,0
-30.2363,-54.7443,0
 -9.5841,-59.6073,0
-30.3659,-58.0304,0
-32.6591,-50.3372,0
-34.3548,-48.7228,0
-32.5221,-50.7511,0
 -7.1950,-58.9364,0
-34.0224,-48.0417,0
-30.5967,-55.9248,0
-30.7671,-53.2203,0
-17.7222,-69.5035,0
 -5.9370,-37.9710,0
 -7.2368,-51.5114,0
-30.7017,-53.4843,0
-30.1098,-53.9171,0
-26.2600,-54.5504,0
-30.4799,-59.8068,0
-30.4850,-52.8183,0
-30.1945,-60.8800,0
-17.9279,-68.7217,0
-11.2152,-54.3603,0
-12.5231,-51.9269,0
-27.9313,-54.4643,0
 -6.9014,-57.8121,0
 -3.6049,-42.7413,0
-10.9655,-54.3401,0
-15.6802,-61.9746,0
-19.4749,-67.0830,0
-30.2140,-56.2838,0
-33.7381,-48.3287,0
-10.4033,-55.9862,0
-15.2324,-60.6693,0
 -2.1832,-46.7272,0
-30.2337,-60.6932,0
-11.5850,-54.1381,0
 -7.6085,-52.6452,0
-30.0015,-61.8973,0
-36.0617,-46.4301,0
-29.9422,-54.3777,0
-30.3814,-59.8527,0
-11.0333,-55.2783,0
-32.7796,-50.1825,0
-30.4482,-51.1693,0
-30.6111,-52.8244,0
-30.2885,-55.5431,0
-34.1387,-47.7056,0
 -5.7393,-37.6875,0
-30.5522,-53.1714,0
 -4.3453,-40.1281,0
 -7.3451,-36.9990,0
-34.3367,-47.7407,0
-10.5605,-55.0144,0
-11.1851,-54.4459,0
-13.9352,-60.2358,0
-30.2103,-55.2629,0
-11.3828,-54.2099,0
-16.3117,-70.9348,0
-30.8443,-60.5593,0
-29.4375,-63.7455,0
-30.1249,-56.1416,0
-32.2139,-59.8505,0
-31.6273,-51.5851,0
-30.5090,-61.3636,0
-12.4674,-51.9403,0
-30.9491,-51.8112,0
-29.7884,-62.0129,0
-17.6410,-69.5166,0
 -3.0445,-43.8411,0
-32.2847,-50.6628,0
-31.4696,-51.7349,0
-29.9858,-54.3174,0
-26.2552,-50.3243,0
 -7.8054,-60.1165,0
-19.4158,-66.4015,0
-29.6020,-62.4033,0
-30.6149,-57.4210,0
 -8.2720,-58.0984,0
-13.0218,-59.7512,0
-30.7935,-59.4868,0
-34.0412,-48.0508,0
-31.3925,-60.7516,0
-10.4414,-55.1743,0
-11.8675,-54.9254,0
-10.2690,-56.0779,0
-30.4597,-59.9220,0
-31.2092,-64.8951,0
-11.9357,-63.0859,0
-31.1491,-59.3921,0
-22.7316,-49.7769,0
-30.5004,-52.8972,0
-11.2701,-54.3725,0
-11.2438,-55.7835,0
-31.0320,-52.6720,0
-11.5090,-54.1509,0
-31.3050,-60.6822,0
-23.9884,-52.5706,0
-31.8804,-51.0164,0
 -7.9914,-37.6225,0
-30.3841,-59.7617,0
-15.1601,-69.4578,0
-17.8669,-69.2180,0
-31.2603,-59.1463,0
-30.1429,-56.2917,0
 -1.6208,-46.9690,0
-14.7712,-72.4021,0
 -9.3197,-53.2933,0
-30.5458,-52.7041,0
-28.9771,-67.5181,0
-10.5050,-55.0678,0
-11.3382,-54.8499,0
-30.2791,-53.5464,0
-30.4022,-59.8691,0
-34.0513,-47.9470,0
-29.9357,-61.9963,0
-18.1983,-68.2593,0
-32.3620,-50.5271,0
 -7.8877,-36.6755,0
-32.2005,-50.6923,0
-31.8184,-50.9015,0
-35.9782,-46.4490,0
-25.4374,-66.1637,0
-11.8600,-54.9638,0
-11.2030,-54.4815,0
-16.2751,-63.5268,0
-19.4745,-66.5496,0
-31.6275,-51.5857,0
-11.5749,-54.1412,0
-15.4172,-58.4975,0
-11.3122,-54.1840,0
-30.3214,-60.0043,0
-29.2603,-63.7565,0
 -9.0563,-57.0449,0
-33.5353,-48.5347,0
-32.3596,-50.6325,0
-28.4416,-53.8526,0
-30.0354,-64.4541,0
-10.5066,-55.1949,0
-10.9375,-54.3664,0
-11.2623,-54.8573,0
-30.1313,-55.1468,0
 -8.4150,-37.3261,0
 -6.4491,-60.7003,0
-10.2288,-56.4948,0
 -4.3951,-40.3556,0
-30.2917,-60.5932,0
-19.4074,-65.8610,0
-10.9840,-55.2671,0
-10.0832,-53.7444,0
 -3.3534,-49.2311,0
-30.0830,-54.2824,0
-34.3052,-47.7105,0
-11.8554,-63.0892,0
-11.8243,-75.8747,0
-11.3744,-55.8316,0
 -8.7022,-54.5171,0
-27.0961,-50.1112,0
-30.6946,-53.0026,0
-29.7630,-54.3085,0
-11.2590,-55.1023,0
-30.9877,-51.7887,0
-30.3886,-59.9264,0
-11.0370,-55.2290,0
-34.0016,-48.5169,0
-34.0438,-48.0006,0
-15.4747,-71.0435,0
-29.9056,-56.9050,0
-30.7018,-53.3369,0
-30.4000,-56.1087,0
-11.5753,-54.1042,0
-29.5383,-53.3673,0
-30.1630,-53.9102,0
 -5.1381,-62.1107,0
-31.2087,-52.3321,0
-31.5788,-51.5017,0
-32.6325,-59.7902,0
-29.3339,-63.9347,0
 -2.9894,-44.2341,0
-30.6333,-60.5801,0
-30.2702,-54.2420,0
-10.5019,-55.3085,0
 -7.2751,-57.8867,0
-12.5996,-51.9179,0
-31.2938,-58.0234,0
-34.2498,-47.7634,0
-29.5489,-62.3234,0
-32.4231,-50.6707,0
 -9.7905,-56.2877,0
 -9.7208,-57.3421,0
-11.0969,-54.3362,0
-25.6011,-50.8916,0
