  1.5522,-70.6208,0
-25.4448,-48.5069,0
-18.0520,-55.8912,0
  2.1868,-70.8286,0
-25.2089,-48.3141,0
-12.5629,-60.4565,0
-10.1263,-77.2572,0
-27.4827,-49.1863,0
 -8.1442,-52.9383,0
-15.2395,-58.2913,0
-21.7491,-52.3310,0
-21.7038,-51.4907,0
-20.9505,-55.3190,0
 -9.5448,-55.6532,0
-18.1802,-55.9785,0
 -9.3830,-45.9719,0
-10.9792,-58.4173,0
-13.6528,-59.0858,0
-17.9657,-56.2579,0
-17.0418,-69.0555,0
-24.2033,-53.8384,0
 -7.4179,-54.9483,0
-20.9668,-55.0096,0
 -8.3798,-53.2010,0
-25.2065,-48.3722,0
-15.2661,-56.8170,0
-20.9601,-66.2908,0
-11.6135,-56.6959,0
-11.7913,-55.6294,0
 -7.2272,-40.1309,0
-19.7106,-53.4180,0
-16.4773,-56.7826,0
-26.4680,-52.4814,0
-14.0126,-60.6217,0
-25.6892,-52.0711,0
-20.6000,-55.4929,0
-20.8990,-55.3569,0
-25.3648,-48.4488,0
-10.7727,-53.9223,0
-21.1002,-65.8027,0
-25.5863,-48.4319,0
 -8.6782,-45.4336,0
 -3.5857,-42.1127,0
-27.2453,-50.1061,0
 -4.1488,-57.5939,0
-24.4238,-52.2559,0
-23.2395,-66.1043,0
-13.5570,-60.3438,0
-21.8599,-52.3773,0
-21.8582,-62.5981,0
-26.0959,-55.2300,0
-25.3560,-48.5474,0
-14.7670,-72.4080,0
-11.4234,-53.1276,0
-19.9615,-66.9662,0
-14.7858,-60.2419,0
-20.7062,-65.9853,0
-23.6801,-53.6683,0
-15.2605,-59.7353,0
-20.7022,-55.5488,0
-23.9383,-52.5314,0
 -4.7373,-59.1158,0
-26.5504,-51.0656,0
-16.8610,-73.0513,0
 -8.9141,-45.4559,0
-19.7934,-53.6466,0
-10.3652,-54.8621,0
 -3.0280,-45.7990,0
-25.6980,-48.6987,0
-11.7928,-55.4662,0
-19.3664,-66.5155,0
-21.8276,-52.3603,0
-20.9391,-55.1618,0
  0.4427,-76.2017,0
 -8.2108,-53.2149,0
-15.7454,-55.7774,0
-26.4267,-52.4340,0
-12.8672,-53.6616,0
-14.0946,-60.5626,0
-20.9708,-55.3445,0
-23.9555,-51.9991,0
-15.3515,-58.2686,0
 -7.6863,-53.4060,0
-24.8946,-52.4879,0
-27.4633,-49.1140,0
 -4.5896,-49.5492,0
-31.8182,-69.7155,0
-19.3726,-66.4953,0
 -3.0459,-45.5024,0
-14.5550,-60.3339,0
-18.8530,-67.8563,0
-21.7321,-46.1790,0
-27.1027,-53.8624,0
 -3.3803,-41.4549,0
-26.7778,-51.0981,0
-21.1000,-46.4221,0
 -5.5355,-66.6915,0
-18.8514,-56.1045,0
-18.1743,-56.8993,0
-25.3077,-48.3878,0
 -9.7071,-55.5961,0
-17.9133,-59.4785,0
-12.2876,-55.1421,0
 -8.0463,-52.8729,0
-15.3308,-58.2187,0
-24.1469,-52.2293,0
-13.0997,-60.3798,0
-22.6750,-45.9285,0
-17.4456,-55.8178,0
-14.5811,-70.9982,0
-15.5175,-58.4779,0
  0.3912,-70.4001,0
-28.1587,-49.3525,0
-20.6411,-55.4900,0
-25.2084,-48.3132,0
-25.8841,-54.2439,0
-12.7253,-42.2581,0
 -7.4510,-54.9300,0
-25.5034,-48.6014,0
-18.0287,-56.0559,0
 -8.2202,-53.2025,0
-16.4024,-69.6915,0
-11.1501,-61.2545,0
-20.9354,-55.3265,0
-12.4306,-54.4592,0
-21.2751,-65.7807,0
-11.6725,-60.3428,0
-20.0785,-64.0278,0
 -8.2006,-53.2131,0
  0.0843,-76.6058,0
 -3.8010,-43.2533,0
-15.6101,-58.4279,0
-26.5826,-52.2792,0
 -8.3811,-44.5203,0
 -2.4234,-47.4432,0
-12.8867,-53.6220,0
-18.0807,-56.0505,0
-24.1606,-66.2756,0
-26.4080,-52.3419,0
-16.0261,-57.2631,0
 -6.2678,-56.6073,0
-21.3813,-52.0362,0
-12.0022,-55.2703,0
  1.7562,-52.9140,0
-15.3169,-58.3414,0
 -8.9055,-45.4745,0
 -7.5335,-53.6793,0
-20.8940,-52.8720,0
 -4.7938,-77.0076,0
-21.8122,-45.9502,0
-27.5252,-49.6881,0
-15.9099,-60.5613,0
 -8.9733,-52.3918,0
-23.5454,-66.0423,0
-24.1404,-53.6892,0
 -5.0544,-62.6030,0
-22.1126,-62.4722,0
-19.9852,-66.8809,0
-26.4662,-52.0942,0
-16.4865,-69.4040,0
-25.2072,-48.3621,0
-12.3043,-60.5173,0
  2.5656,-70.4017,0
-12.3425,-60.3223,0
-27.4949,-49.0880,0
-14.9742,-70.2117,0
-20.2864,-63.7943,0
-20.9728,-55.3053,0
-26.6036,-51.7114,0
-18.8745,-56.1007,0
  1.9779,-38.3258,0
-11.4070,-56.3284,0
 -1.9597,-48.3781,0
-27.2273,-50.1914,0
-12.5168,-54.6394,0
-20.6552,-55.5687,0
 -4.6391,-50.3497,0
-24.1743,-53.8489,0
-26.4195,-52.3855,0
 -0.7072,-76.3625,0
 40.9372,-52.1270,0
-25.4656,-48.5090,0
-25.6715,-51.0331,0
  0.8203,-70.4178,0
-20.6185,-55.4892,0
-15.9315,-55.7576,0
-24.1805,-52.0376,0
-19.7945,-53.6459,0
-27.8513,-49.4712,0
 -2.9248,-43.0837,0
-15.2980,-56.8126,0
-16.7294,-69.8609,0
-22.1376,-62.5513,0
-25.2529,-48.3001,0
-24.1326,-53.9399,0
-18.0566,-56.0503,0
-17.0250,-69.5861,0
-31.6769,-69.7090,0
 -9.0278,-62.9050,0
-21.7785,-52.3443,0
-26.0634,-55.2422,0
 -7.3839,-54.9780,0
-13.7879,-60.2392,0
-15.2801,-58.2351,0
-26.5811,-51.0384,0
-25.6678,-52.2824,0
  1.0053,-70.6796,0
-15.5612,-58.5820,0
 -6.9483,-44.8096,0
 -7.4091,-62.1353,0
 -7.4787,-54.4284,0
 -7.2864,-55.3579,0
 -6.9025,-61.6872,0
-15.1606,-71.0568,0
-26.4801,-52.0760,0
-18.8723,-56.1800,0
-11.8567,-56.9092,0
-25.3648,-48.4484,0
-16.5172,-56.8385,0
 -2.1475,-47.8187,0
 -3.7306,-43.1225,0
-22.1431,-48.4353,0
 -3.3494,-41.6018,0
-20.9410,-55.3749,0
-26.7293,-54.0121,0
-17.8316,-55.4026,0
-11.5504,-56.7012,0
-25.2913,-48.3763,0
 -8.2145,-44.5560,0
-25.6449,-52.4138,0
-12.9033,-53.7219,0
 -7.1842,-61.9509,0
-24.5012,-52.3217,0
-26.7653,-49.5304,0
-20.1277,-63.7824,0
 -7.6726,-53.6697,0
-18.0563,-56.0303,0
 -7.3091,-40.0906,0
 -5.3628,-56.3485,0
-26.4663,-49.3245,0
-20.9761,-55.1380,0
-15.2046,-58.2449,0
-23.2144,-48.5177,0
-26.1164,-49.3082,0
-21.4999,-63.9075,0
-10.3395,-54.8659,0
-26.4404,-52.3777,0
-15.1691,-57.5901,3
 -9.0208,-52.4460,0
-14.9880,-59.8754,0
-26.7796,-49.1161,0
-21.6146,-65.5098,0
-15.2032,-57.6443,0
-21.5022,-64.0159,0
 14.3370,-130.5918,0
 -9.7399,-77.5051,0
-21.7389,-51.5422,0
-16.0639,-57.2951,0
-12.8028,-74.8837,0
-21.8329,-52.3744,0
-24.4093,-48.8905,0
 -8.4647,-53.2823,0
-12.4065,-54.8981,0
-26.5443,-49.2773,0
-12.2641,-60.5162,0
 -7.1244,-55.4856,0
-26.7756,-54.0841,0
 -8.2266,-53.2099,0
-26.4216,-52.3217,0
-11.9427,-55.6156,0
 -7.4488,-54.9262,0
 -9.0454,-62.8352,0
-10.3799,-54.8617,0
-15.1009,-70.3083,0
-15.2200,-56.8162,0
  1.3770,-70.7322,0
-13.6652,-59.0654,0
-19.8126,-53.7540,0
-25.2072,-48.3426,0
-20.8889,-55.3592,0
-21.7127,-46.0065,0
 -2.9444,-42.9383,0
-22.2136,-66.5107,0
-15.1787,-59.7295,0
-25.6236,-52.3537,0
  0.3156,-70.4944,0
-28.0767,-49.4486,0
-18.1356,-56.0404,0
-26.1017,-55.2265,0
 -7.7071,-53.4644,0
-26.6148,-54.0176,0
 -4.7026,-58.3089,0
-15.7661,-55.7744,0
-20.8889,-55.3595,0
 -0.7114,-76.2614,0
-16.4020,-62.5146,0
 -7.2247,-40.1581,0
 -8.3578,-53.2761,0
-10.3261,-54.8739,0
-27.5422,-49.2312,0
-25.5663,-48.5804,0
-26.7046,-51.0245,0
-15.1048,-71.1143,0
-26.4766,-52.6803,0
-13.5734,-58.9875,0
 -4.5132,-50.0191,0
-15.3531,-58.1889,0
 -4.7714,-58.4129,0
 -8.1346,-52.9687,0
 -8.6760,-45.4464,0
-20.9711,-55.3457,0
-25.4679,-48.5102,0
-18.0605,-56.0539,0
-27.4684,-49.1802,0
-20.8818,-64.3698,0
 -5.3817,-56.8410,0
-21.4028,-46.5274,0
-26.4474,-52.5362,0
-13.0803,-60.4124,0
-25.2901,-48.2908,0
-20.7623,-55.2316,0
-18.7938,-56.1151,0
-13.5707,-60.2776,0
 -8.8996,-45.4656,0
-11.7864,-53.5852,0
-14.6478,-56.1451,0
-12.0414,-55.2836,0
  1.1937,-70.4642,0
-22.6207,-54.0736,0
-21.8396,-45.9933,0
-13.1091,-59.2327,0
  0.8999,-70.9616,0
-27.4558,-49.0514,0
-14.0124,-60.6227,0
-26.4247,-52.3335,0
-10.4086,-57.8056,0
-12.9330,-60.3761,0
-20.9725,-52.8800,0
-27.2786,-50.0542,0
-20.8615,-63.3546,0
 -8.1112,-53.0358,0
-25.3970,-50.9227,0
-22.5858,-46.2128,0
-20.9622,-64.4266,0
  0.3876,-70.6079,0
-18.8199,-67.6902,0
-25.4469,-48.4147,0
-12.8762,-53.6418,0
-15.8249,-55.7512,0
-15.8315,-60.5698,0
 -8.7775,-63.0446,0
 -8.3227,-44.4762,0
 -8.9777,-52.3916,0
-16.2734,-62.7212,0
-20.9776,-55.3284,0
-19.7107,-53.4240,0
-26.4251,-52.1772,0
 -8.1365,-52.8532,0
 -7.1477,-55.4972,0
-15.5811,-58.4874,0
 -8.1842,-48.7395,0
-21.7606,-52.3904,0
-26.7809,-49.0929,0
-21.4160,-52.0303,0
-20.6687,-65.5186,0
 -2.7353,-49.7430,0
-25.0462,-51.2662,0
-21.6835,-45.9303,0
  1.0384,-70.6804,0
-11.5615,-38.8602,0
 -5.3938,-56.5269,0
-20.8896,-55.3412,0
-25.6314,-52.1336,0
 -9.2642,-56.1528,0
-22.8472,-66.4044,0
-20.6347,-55.5506,0
  0.6639,-76.1441,0
-24.0834,-52.0750,0
-25.3655,-48.4277,0
-28.0020,-49.3796,0
-12.2725,-55.1333,0
-24.1822,-66.2751,0
-19.6810,-54.9589,0
