-11.1125,-55.2768,0
-16.8479,-73.1313,0
-22.9515,-53.5758,0
-19.1154,-56.1154,0
-27.5338,-53.1593,0
  0.9031,-69.7598,0
-24.7514,-49.4571,0
-16.2841,-55.6251,0
-20.7461,-54.0888,0
-21.9290,-53.1610,0
-22.8754,-53.5024,0
-28.6164,-51.2431,0
-19.1285,-56.1595,0
-10.6848,-58.9301,0
 -1.4361,-47.8096,0
-15.9916,-68.8732,0
-25.1446,-51.9011,0
-16.8788,-59.4315,0
-26.1518,-50.9084,0
-20.2753,-53.7168,0
-15.4557,-56.7943,0
 -7.7475,-61.5206,0
-21.5599,-53.2342,0
-22.9512,-53.5760,0
-16.3957,-55.6721,0
 -9.5152,-44.9815,0
-21.3961,-63.7922,0
-26.3734,-50.8193,0
-19.3235,-55.9642,0
-24.5937,-49.3850,0
-23.5729,-54.4464,0
-16.6940,-55.6549,0
-25.4061,-59.3438,0
-11.2671,-57.7677,0
-20.1500,-55.1319,0
-16.5571,-55.4229,0
-21.8186,-52.4712,0
-11.2365,-57.2912,0
-14.9395,-59.1712,0
 -9.1426,-55.7712,0
-28.5843,-51.9174,0
-18.1161,-56.3926,0
-12.8542,-54.8723,0
-25.6525,-56.1385,0
-14.1651,-59.5860,0
-28.5883,-51.9419,0
-26.1516,-50.9088,0
-28.6109,-51.3747,0
-11.0840,-56.7440,0
-14.5090,-57.4944,0
-16.2945,-55.6869,0
-21.3441,-63.8658,0
-31.0781,-69.7877,0
-24.8508,-53.7195,0
 -7.1240,-60.9802,0
-21.9501,-52.5336,0
-15.6307,-57.7035,0
-19.0960,-56.0721,0
-22.1013,-53.3864,0
-12.8788,-58.7751,0
-19.3199,-56.1303,0
-20.9759,-54.6839,0
-24.8594,-53.5252,0
-24.4874,-66.1075,0
-19.1846,-56.4798,0
-19.9870,-55.1748,0
-14.0497,-59.6460,0
-12.8947,-59.8972,0
-28.0878,-50.5415,0
-16.6373,-55.3362,0
-16.7918,-59.4954,0
-21.3480,-63.9963,0
-14.7384,-57.1227,0
-14.1057,-59.5783,0
 -5.5494,-55.3762,0
-21.9536,-53.1411,0
-12.8542,-54.8721,0
-25.7925,-53.3217,0
-16.6530,-55.6606,0
-28.5927,-51.8335,0
-15.2324,-69.4654,0
-15.0883,-69.6906,0
-23.3214,-54.3054,0
 -0.9568,-47.5202,0
-12.6364,-54.1525,0
-22.9515,-53.5764,0
-19.1441,-56.0651,0
-14.0264,-59.7950,0
-14.5950,-57.0051,0
 -6.0550,-59.3966,0
-24.7421,-53.5519,0
-14.5767,-57.6261,0
-21.2690,-52.8494,0
-19.0114,-56.0988,0
-25.4362,-53.4053,0
-22.8214,-52.7092,0
 -6.5441,-55.2132,0
-25.9998,-50.1935,0
-11.0918,-56.7436,0
-13.9363,-59.8446,0
-13.1966,-54.5258,0
 -2.2008,-68.9362,0
-18.9725,-53.5458,0
-11.2491,-57.3335,0
-24.9233,-49.2956,0
-13.0949,-54.1643,0
-24.6540,-53.7899,0
-16.4038,-59.4519,0
-14.2289,-71.3764,0
-27.1238,-51.9753,0
-12.8539,-54.9063,0
-18.9219,-66.4222,0
-21.8780,-53.0915,0
-21.3682,-49.5844,0
-14.6684,-57.0496,0
-27.1772,-51.2772,0
-14.0883,-59.6145,0
-20.0601,-54.1243,0
 -8.1881,-55.2906,0
-20.7443,-54.1639,0
-27.5674,-53.1699,0
-16.8012,-59.5789,0
-25.4839,-50.3121,0
-25.4531,-53.3209,0
-13.0912,-54.3929,0
-15.6593,-56.6957,0
-12.7783,-54.8585,0
-23.0294,-66.7802,0
-23.0603,-52.5680,0
-16.4880,-55.4809,0
-25.9014,-53.3771,0
-27.9046,-52.6232,0
-19.0548,-56.1629,0
-28.5517,-50.4941,0
-11.4322,-54.8463,0
-19.5608,-56.3619,0
-22.9181,-54.7342,0
-14.5021,-57.4725,0
-16.3315,-59.4595,0
-25.5983,-56.1502,0
 -5.8828,-59.5048,0
-20.2426,-53.7582,0
-19.1413,-56.0864,0
-21.1621,-53.2555,0
-14.5713,-57.7841,0
-15.1548,-69.6673,0
-26.4294,-50.7805,0
-11.2775,-58.9521,0
-13.2075,-59.7755,0
-11.0831,-56.8248,0
-20.0159,-55.1370,0
-21.5564,-53.2556,0
-11.8065,-59.7893,0
 -6.4684,-60.7506,0
-16.7282,-70.1014,0
-19.2320,-56.4737,0
-20.3456,-53.8136,0
-28.4069,-50.6232,0
 -7.6105,-64.4235,0
-28.6102,-51.1557,0
-19.3323,-56.0049,0
  0.6217,-69.5066,0
-16.3177,-55.6633,0
-12.4207,-59.4806,0
 -9.8965,-74.6734,0
-11.8679,-59.8353,0
 -4.0900,-64.3682,0
-28.5524,-50.8830,0
 -9.2050,-55.7133,0
-19.1137,-58.3450,0
-25.5848,-50.1974,0
-15.0764,-60.4601,0
 -2.2872,-46.1904,0
-15.7766,-59.2161,0
-28.5965,-51.9445,0
 -7.9105,-61.3196,0
 -5.3839,-58.8549,0
-20.7411,-54.2653,0
-24.8544,-53.6136,0
  1.7409,-70.0563,0
 -8.9205,-55.5471,0
-26.1497,-50.9525,0
-19.0800,-56.0758,0
 -5.2883,-54.9549,0
-22.1726,-54.6136,0
-12.5017,-54.3274,0
-21.6354,-63.5150,0
-14.1711,-59.5932,0
-21.6691,-64.8302,0
-25.4318,-53.3651,0
 -5.7864,-59.4406,0
-21.4151,-63.8530,0
-16.0047,-68.9033,0
 -7.6100,-61.4062,0
-28.7506,-51.7900,0
-22.9507,-53.5778,0
-19.4809,-56.1004,0
-14.0879,-59.5942,0
-12.7147,-54.9881,0
-12.6306,-54.4854,0
  3.9719,-42.0716,0
-14.6619,-57.0512,0
-19.0413,-56.1660,0
-20.2828,-53.6974,0
 -5.6857,-58.9226,0
 -6.0042,-59.2696,0
-22.9171,-54.7355,0
-11.2299,-57.3097,0
-16.5611,-55.4305,0
-11.2093,-59.0365,0
 -6.1720,-59.2095,0
 -6.2844,-60.1139,0
-16.8056,-59.5298,0
-26.9482,-50.2166,0
-26.0725,-48.8869,0
-19.4033,-55.9665,0
-23.0595,-52.5692,0
-25.9653,-50.3727,0
 -6.1655,-59.2417,0
-14.5607,-57.4702,0
-22.8513,-53.5090,0
-24.8431,-53.7116,0
-11.0919,-56.7446,0
 -6.3607,-55.4886,0
 -7.1763,-61.1107,0
-14.0983,-59.6536,0
-14.5855,-57.6566,0
 -5.1005,-58.3276,0
-27.5330,-53.1617,0
-15.5836,-57.7602,0
-14.5025,-57.3923,0
-12.8537,-54.8736,0
-11.1731,-55.2103,0
-16.5865,-55.6706,0
-11.1860,-57.4667,0
-14.9161,-60.5456,0
-22.0611,-54.8093,0
-22.3424,-53.1620,0
-24.8923,-49.3911,0
 -2.6026,-45.1377,0
-28.4196,-50.7290,0
-22.9506,-53.5776,0
