 -8.6779,-45.4904,0
 -8.6875,-53.3554,0
-10.9956,-76.6547,0
-27.5186,-49.6118,0
-11.9354,-56.8807,0
-19.1264,-58.4805,0
-11.8264,-55.5840,0
-26.7545,-53.9033,0
 -3.4308,-43.5095,0
-20.1790,-63.9456,0
-20.9708,-55.3324,0
-15.3763,-56.8848,0
-15.8756,-55.8382,0
 -0.0496,-70.8638,0
-24.0682,-51.8165,0
-26.8497,-49.4442,0
 -8.2601,-53.2289,0
-26.5087,-52.5810,0
-21.7048,-45.8615,0
-15.0926,-70.3933,0
-14.5809,-58.9062,0
-25.5399,-48.3939,0
-21.8503,-51.1179,0
-14.1364,-60.6486,0
 -9.4772,-62.5862,0
-25.2167,-48.3017,0
 -3.8760,-44.2787,0
 -5.0394,-62.7166,0
 -2.9215,-43.1525,0
-14.1688,-60.5289,0
-20.6494,-55.5690,0
-24.4103,-50.3971,0
-14.6376,-70.9319,0
 -5.5914,-56.4674,0
-21.5095,-46.0532,0
-26.4235,-52.5303,0
 -7.1073,-55.5155,0
  1.6810,-70.6840,0
-11.7090,-53.6275,0
-25.5338,-52.5011,0
-18.0649,-56.0738,0
-21.0590,-55.2315,0
-12.1787,-55.1832,0
-22.2218,-62.2129,0
 -7.5177,-54.9421,0
  0.7914,-70.4211,0
-31.6917,-69.7131,0
-11.8683,-56.9133,0
-12.8093,-53.7723,0
-23.1531,-48.5202,0
-24.1989,-66.0274,0
 -3.3675,-41.6084,0
-22.2626,-44.4774,0
-20.7774,-55.4641,0
-26.6032,-52.3052,0
-25.8114,-51.4390,0
 -8.2093,-53.3821,0
 -8.3690,-53.3308,0
-24.0593,-51.8820,0
-25.5340,-48.3068,0
 -5.5205,-56.5462,0
-23.9425,-52.4995,0
-24.9801,-48.0168,0
-16.0148,-55.9019,0
-13.8384,-59.0744,0
-16.3448,-69.9430,0
-26.7396,-50.9405,0
-11.7689,-53.5849,0
-22.4653,-66.3115,0
-12.1023,-55.1854,0
 40.5577,-52.6365,0
-20.0509,-66.6857,0
-25.3700,-48.3552,0
-15.6668,-58.4742,0
 -8.2157,-48.7528,0
-21.9072,-45.5908,0
-26.0171,-55.2211,0
-21.8724,-51.4801,0
-27.8959,-49.3376,0
 -5.3825,-56.6097,0
-23.9398,-52.5483,0
-11.7744,-55.7839,0
-26.5526,-49.2863,0
 -8.3055,-44.5811,0
-14.3214,-60.5003,0
 -4.7689,-60.0571,0
  2.4996,-64.7534,0
-24.0166,-51.6355,0
 -3.5869,-42.1343,0
 -4.1033,-44.7449,0
-19.8799,-53.6824,0
-26.8451,-49.4284,0
-17.4208,-68.9222,0
-13.1825,-60.4549,0
 -7.6974,-53.6283,0
-20.7757,-55.5346,0
-14.6516,-56.1292,0
-26.4708,-49.2492,0
-26.8288,-53.9778,0
 -3.4336,-61.1742,0
-16.8701,-69.6910,0
 -3.5962,-61.5279,0
-21.0101,-55.2959,0
 -5.3907,-56.3592,0
-16.2669,-69.9388,0
-23.7772,-52.8630,0
-26.4336,-52.5607,0
  2.5723,-70.3802,0
 -8.0765,-78.3910,0
-14.5542,-70.9972,0
-18.0557,-56.1336,0
-15.3489,-56.8102,0
-22.5794,-49.9439,0
-23.9385,-52.5736,0
-25.0640,-47.9455,0
-24.2182,-53.7525,0
-27.1893,-49.7122,0
 -8.2384,-53.2835,0
-12.9496,-60.4814,0
-21.7334,-46.0236,0
 -8.0351,-52.9111,0
-15.5148,-57.8464,0
-25.4495,-48.3796,0
-23.2728,-66.0154,0
-26.7364,-53.9153,0
-26.3130,-49.1636,0
-12.7799,-53.8006,0
-15.7098,-55.8220,0
-12.1276,-55.1739,0
 -4.5809,-49.5644,0
 -0.7717,-78.6926,0
-18.2699,-56.0109,0
-20.7242,-55.4715,0
 -8.0570,-52.8878,0
 -3.7134,-43.1916,0
-18.0570,-56.0625,0
 -7.7078,-53.4854,0
 -1.9507,-48.4565,0
-11.7592,-53.6076,0
-11.8068,-55.6272,0
-26.8574,-51.0084,0
-15.2306,-59.8062,0
  6.8689,-114.8321,0
 -4.3013,-62.4917,0
-19.8727,-53.7724,0
-15.7334,-70.6544,0
-15.1937,-71.4980,0
-15.9176,-55.9169,0
 -7.7042,-51.4713,0
-12.4798,-54.4615,0
-21.9843,-62.5684,0
-25.3701,-48.3348,0
-12.0255,-55.1989,0
 -8.8928,-45.4852,0
-22.1285,-62.4220,0
-21.0467,-55.3312,0
  2.1326,-70.8487,0
-25.5295,-48.3997,0
-26.5066,-52.2986,0
 -8.6492,-45.5036,0
-25.0150,-51.2605,0
-10.8316,-54.1547,0
-22.3934,-66.3987,0
-12.5776,-59.0386,0
-24.5053,-52.2359,0
-21.4619,-46.4929,0
-26.5696,-52.0019,0
-26.4721,-49.2071,0
-18.4129,-66.2961,0
 -8.2087,-53.3628,0
-13.0995,-60.5268,0
-24.1961,-51.8653,0
-23.6729,-61.4095,0
-19.5256,-57.9317,0
 -9.6417,-55.6602,0
 -0.7126,-76.3630,0
-10.4842,-57.8166,0
 -8.1875,-48.7490,0
-15.3586,-58.3615,0
-21.0566,-55.2434,0
-16.7443,-69.8776,0
-11.7379,-55.7010,0
-14.1478,-60.5314,0
-10.8519,-54.0813,0
-23.2189,-66.0703,0
-20.6404,-55.5713,0
-25.3657,-48.4479,0
-25.2912,-48.2886,0
-15.3158,-56.8486,0
-26.4283,-52.5478,0
-22.2707,-44.5517,0
-15.4014,-71.6871,0
 -0.6376,-75.7097,0
-18.3003,-56.9364,0
-21.9324,-62.4277,0
-23.8964,-46.8320,0
-10.3687,-54.9426,0
  0.3478,-70.5728,0
 -7.6783,-53.6391,0
-25.6198,-52.4326,0
 -7.2208,-55.8119,0
-14.8580,-72.2780,0
-20.9720,-55.3554,0
-20.2383,-53.0515,0
-15.6297,-70.0710,0
 -3.8192,-58.9302,0
 -9.8969,-50.3151,0
 -8.9150,-45.4845,0
 -2.3560,-47.5512,0
-25.0655,-51.1967,0
-11.8552,-55.6332,0
 -9.0288,-62.8699,0
-24.2011,-52.0326,0
-18.8787,-65.2494,0
-16.7044,-69.6308,0
 -2.9268,-43.0256,0
-25.7655,-52.2852,0
-26.5123,-52.5766,0
 -4.5465,-50.0955,0
 -5.4039,-56.8725,0
 -7.5698,-62.9275,0
-12.1589,-55.4001,0
-15.3748,-58.2152,0
 -4.7792,-59.6715,0
-13.7764,-59.0842,0
-27.9281,-49.3099,0
-15.9644,-55.7837,0
-25.4455,-48.3384,0
 -4.1815,-44.6872,0
 -7.5042,-54.4266,0
-26.8523,-49.4435,0
-24.0429,-51.7950,0
 -4.5751,-58.0094,0
 -5.7382,-60.6272,0
 -0.4158,-73.5582,0
-25.9004,-51.1467,0
-27.6179,-49.2543,0
-20.6540,-65.6545,0
-25.8359,-48.6712,0
-13.0990,-60.4656,0
-21.9667,-51.0684,0
-20.6724,-55.5554,0
 -0.7137,-76.2122,0
-12.1034,-55.2028,0
-26.5361,-52.3669,0
 -7.4495,-54.9957,0
 -4.7332,-59.1161,0
 -7.0374,-62.1829,0
 -8.7039,-53.3045,0
-23.5920,-66.0227,0
-15.4435,-58.2438,0
 -7.6856,-53.4765,0
-23.3431,-65.9916,0
-12.8288,-54.7541,3
-25.6556,-52.4189,0
-26.3096,-49.2546,0
-10.5199,-54.6597,0
 -1.5605,-67.5958,0
-27.6032,-49.6834,0
-18.0575,-56.0496,0
-21.0568,-55.2429,0
-11.3713,-53.1605,0
-25.2134,-48.2205,0
-23.9642,-52.5466,0
-13.4690,-60.2096,0
-20.6904,-65.5423,0
-25.0500,-48.0872,0
 -7.2224,-55.4418,0
-16.4601,-62.5461,0
  1.5433,-70.6790,0
-20.7484,-55.4897,0
-13.1555,-54.8029,3
-18.9014,-56.1491,0
-21.0547,-55.3369,0
-25.7752,-50.4427,0
-13.1850,-60.4064,0
 -8.2422,-53.2218,0
-14.6289,-72.7838,0
 -9.0023,-56.3515,0
-26.6051,-53.8472,0
-18.2178,-56.0730,0
-12.8255,-53.8137,0
-20.4537,-52.9027,0
-11.9608,-55.7487,0
-14.3370,-60.4697,0
 -4.7530,-77.0879,0
-14.1717,-72.8252,0
-13.3058,-54.8013,0
-27.8466,-49.4260,0
-20.9820,-64.3697,0
-25.5314,-48.3698,0
-12.2667,-53.9362,0
-26.8246,-54.0002,0
-12.1248,-55.1883,0
-19.7520,-47.3498,0
-18.4672,-55.8468,0
 -3.0573,-43.1508,0
-22.4085,-44.7550,0
-24.0074,-52.4421,0
-25.7650,-48.6182,0
-11.7966,-55.6533,0
-21.8770,-63.4434,0
-14.8661,-70.9379,0
-25.6893,-52.3176,0
-23.9083,-46.7857,0
 45.3928,-126.4937,0
-24.2718,-52.1067,0
-23.7119,-53.0014,0
  1.7112,-70.7957,0
-19.8545,-53.7288,0
 -8.2062,-48.7409,0
-22.1404,-62.4681,0
-23.3083,-66.0408,0
-26.7758,-49.0275,0
-25.4467,-48.4695,0
-15.3399,-56.8887,0
-26.6200,-49.3431,0
 -4.6088,-46.7026,0
  0.2405,-70.6778,0
-25.8190,-51.4688,0
 -5.3583,-61.2018,0
-20.9807,-55.3549,0
-11.5855,-56.5409,0
-26.4909,-52.7670,0
-11.8561,-55.6005,0
-21.0568,-55.1562,0
 28.3506,-59.4769,0
 -7.6901,-53.5927,0
 -8.0615,-52.9171,0
-22.2451,-62.2821,0
-15.3605,-58.2900,0
 -8.7880,-52.6155,0
-22.7025,-53.9084,0
-21.8470,-52.2849,0
-12.3999,-54.9955,0
 -0.4844,-69.7814,0
-27.4967,-49.6815,0
-15.5156,-57.8458,0
-22.3386,-44.5413,0
-22.1392,-62.5503,0
-23.2071,-66.1056,0
-12.8856,-53.7882,0
-24.0475,-51.9644,0
-24.4989,-50.2534,0
-20.7356,-55.4599,0
 -4.7587,-58.3124,0
-11.7454,-53.5874,0
-10.8297,-54.0828,0
-24.2346,-62.8117,0
-14.5082,-58.8703,0
-15.7441,-58.5138,0
-18.0567,-56.1332,0
-23.9705,-51.6310,0
-14.8307,-60.2325,0
-14.1724,-60.5489,0
 -2.9846,-43.1804,0
-25.5170,-48.4028,0
-24.9750,-52.5644,0
-10.6712,-61.7576,0
 -8.7946,-45.3238,0
 -3.2144,-59.7959,0
-16.0255,-55.8842,0
-16.3364,-70.1878,0
 -7.1869,-55.5726,0
-12.1042,-55.1953,0
-24.2267,-53.6595,0
-15.7502,-58.5120,0
-11.0192,-76.7478,0
-13.7105,-60.4751,0
 -8.6281,-46.5413,0
-22.3647,-62.1401,0
-15.8351,-53.1030,0
-21.8109,-46.0513,0
-19.8751,-53.7180,0
 -7.1796,-55.8136,0
-23.2106,-48.4948,0
-21.7859,-51.4463,0
-15.3028,-56.8116,0
-12.0019,-57.4637,0
-25.2958,-48.1961,0
-12.8932,-58.5100,0
-21.9866,-62.4857,0
-12.0561,-55.4643,0
 -9.7656,-55.5994,0
 -7.4660,-54.9944,0
 -7.5659,-54.3410,0
-15.1408,-71.0057,0
-24.1066,-66.1986,0
-21.5697,-46.1526,0
-15.2385,-59.8227,0
 -7.6778,-53.3616,0
-12.1785,-55.1694,0
 -8.1840,-53.0272,0
-14.6919,-72.3993,0
-23.9317,-51.7803,0
-21.0616,-55.2420,0
-14.2529,-60.4495,0
 -9.7454,-66.1569,0
-27.4407,-49.9553,0
-16.8716,-69.7157,0
 -8.2418,-53.3003,0
-24.8926,-51.6815,0
 -7.7044,-51.4717,0
-14.0897,-60.6803,0
-22.1665,-66.5295,0
-13.9813,-73.2820,0
-23.8666,-66.5453,0
-11.8258,-55.6250,0
-26.8465,-49.3908,0
 -5.4641,-62.4139,0
-23.2278,-66.0296,0
-26.6703,-53.9243,0
-12.0830,-55.2745,0
 -6.9518,-44.8742,0
-20.6397,-55.6040,0
 -4.7839,-58.5072,0
-15.0941,-70.4797,0
-25.4474,-48.3688,0
-23.9024,-52.4435,0
-15.0293,-72.1773,0
-20.2869,-65.6010,0
-22.3263,-66.3542,0
-32.4376,-69.4920,0
-24.2480,-65.9622,0
-20.9540,-65.7795,0
-14.1670,-60.5936,0
-11.7444,-53.5875,0
 -5.2568,-56.3132,0
-15.9360,-55.9140,0
-24.3314,-62.8613,0
-20.7683,-55.4722,0
-26.7091,-50.9292,0
-17.9790,-55.5571,0
-21.0490,-55.3301,0
 -7.2208,-55.7899,0
  0.3656,-70.5544,0
 -8.3213,-44.5869,0
-13.0993,-60.5359,0
