 -7.8184,-40.0176,0
-28.2965,-48.5654,0
-28.8090,-60.2488,0
-21.0749,-65.8409,0
 -6.9273,-39.7081,0
-29.0320,-60.7118,0
-29.4174,-60.0192,0
-14.3905,-61.8030,0
-28.5995,-49.7043,0
-31.0002,-47.6657,0
 39.0832,-52.2591,0
-29.2064,-60.2731,0
 -7.0432,-52.8180,0
-11.2787,-64.7198,0
-27.3654,-67.6401,0
-25.7019,-53.5040,0
-29.7089,-65.8998,0
-26.9806,-62.8821,0
-28.7501,-58.4296,0
-17.9829,-65.9742,0
-21.7779,-49.7481,0
-28.7659,-60.5804,0
-29.5964,-65.2472,0
-13.6315,-55.0984,0
-28.4944,-61.2544,0
-28.3425,-64.4915,0
-28.3387,-61.6311,0
-28.1982,-48.5572,0
-27.1809,-51.3317,0
-28.6554,-59.2409,0
-21.1985,-65.8455,0
 -8.2757,-54.1718,0
-27.3194,-67.7098,0
-15.0330,-55.2160,0
-13.5667,-55.4126,0
-28.8788,-60.5726,0
-28.9155,-58.9564,0
-28.6831,-59.0828,0
-24.9039,-48.7311,0
-21.5301,-65.5865,0
  3.0305,-77.2761,0
-28.9530,-60.7339,0
 -1.1752,-50.0544,0
-28.2716,-48.8004,0
-13.4884,-62.7174,0
-28.3523,-48.5993,0
-21.8564,-49.9223,0
-15.0243,-55.2705,0
-29.1189,-60.3556,0
-28.4853,-64.2807,0
-28.8752,-60.7143,0
-28.6214,-61.1131,0
-29.0133,-60.1993,0
-28.2425,-65.0992,0
-22.0980,-65.7504,0
-25.7591,-53.5745,0
-29.2936,-65.2283,0
-15.1795,-70.5301,0
-28.8790,-60.5603,0
-28.5014,-61.1210,0
 -2.9133,-49.5871,0
-29.0214,-60.2034,0
-20.9362,-66.6867,0
-28.4296,-61.4212,0
 -5.7707,-42.5098,0
-23.5877,-46.5039,0
-29.0040,-64.5680,0
-28.9170,-60.6382,0
-28.9098,-60.0215,0
-13.2277,-53.3891,0
-17.7925,-65.9809,0
-13.6041,-55.2908,0
-12.0735,-57.8595,0
-11.5279,-58.4237,0
-29.2558,-65.0591,0
  2.8908,-70.1787,0
-26.1847,-64.4727,0
-27.9491,-49.8224,0
-28.7200,-59.2606,0
-26.1296,-65.2790,0
  0.7781,-70.6659,0
-27.8191,-67.1446,0
-29.0365,-58.7272,0
-28.2032,-48.4610,0
-21.0148,-65.8496,0
-28.9687,-60.0998,0
-28.2329,-48.7906,0
-20.6635,-47.5878,0
-28.1529,-64.6066,0
 -3.6571,-46.9781,0
-13.3849,-53.3869,0
-28.8002,-60.5904,0
-15.3379,-70.1980,0
-22.9669,-46.7825,0
-28.8752,-59.2117,0
-25.0358,-48.8399,0
-21.8761,-65.6685,0
-29.0761,-60.6260,0
-15.1809,-70.3053,0
-26.0478,-64.4951,0
  6.2872,-76.8022,0
-28.8769,-60.6488,0
-29.0486,-60.0378,0
-29.0791,-61.2292,0
-25.6703,-53.5864,0
-28.6314,-61.1319,0
-22.2213,-48.9514,0
-13.5873,-55.3155,0
-30.3341,-67.0093,0
-24.8777,-48.7661,0
  6.1666,-73.7681,0
  6.3557,-76.6944,0
-28.6745,-58.3841,0
-15.7371,-56.4603,0
-28.0928,-66.0755,0
-13.4910,-55.1894,0
-28.8955,-59.1757,0
-28.7067,-61.2532,0
-28.5700,-48.6823,0
-25.0924,-48.8415,0
-17.1909,-60.5346,0
-22.0798,-65.7845,0
 -5.7004,-42.6168,0
-29.2547,-60.6033,0
-28.0204,-49.8143,0
-29.0432,-60.2647,0
-30.8725,-47.8032,0
-20.5142,-47.6672,0
-28.7277,-58.4535,0
-13.3823,-53.4252,0
-24.3222,-53.1688,0
-13.6066,-63.0821,0
-28.7757,-61.3787,0
-28.5474,-61.4095,0
-28.4393,-61.5759,0
-28.2069,-64.9205,0
-28.9465,-60.6549,0
-28.9749,-60.2266,0
 -4.1300,-58.8326,0
-25.2166,-52.6891,0
-29.0133,-48.9828,0
-27.9289,-52.1442,0
-27.9655,-66.2186,0
-20.6269,-47.5614,0
-28.2104,-48.7147,0
-21.0737,-66.6586,0
-22.0324,-49.7740,0
-28.4884,-64.3354,0
-13.6195,-55.4175,0
-13.6267,-62.5870,0
-29.9733,-58.1700,0
 -6.7915,-40.4949,0
-28.7888,-59.1715,0
 -4.4137,-59.1421,0
 -7.7725,-40.0179,0
-13.2901,-53.3167,0
-29.7427,-60.3044,0
-29.0502,-60.3238,0
 -5.0714,-43.0053,0
-28.7976,-60.7070,0
 -3.0421,-49.5407,0
-25.6734,-53.4967,0
-28.4308,-64.8131,0
-28.0113,-66.2483,0
-28.4675,-48.6867,0
-36.8536,-41.1624,0
-28.6947,-61.5008,0
-28.5597,-61.2318,0
  6.4156,-76.6675,0
-29.0940,-60.5306,0
-29.1543,-48.8339,0
-29.3159,-65.0494,0
-29.1252,-60.1186,0
 -8.4812,-54.1295,0
  2.6892,-70.3239,0
-14.3772,-62.3802,0
-25.1945,-48.8084,0
-26.8028,-62.7723,0
-28.8633,-60.5627,0
 -4.4003,-45.9289,0
-24.3816,-53.2304,0
 39.0077,-52.2985,0
 -7.8540,-55.2655,0
-28.9287,-58.9944,0
 -1.9075,-48.0248,0
-26.1677,-64.3975,0
-21.7905,-49.7308,0
-27.9826,-48.3501,0
-24.8251,-54.0295,0
-27.0363,-67.5214,0
-29.5656,-58.5870,0
-28.1177,-64.9176,0
-28.9262,-49.8679,0
-23.1977,-46.7904,0
-28.7990,-60.6450,0
-29.1754,-65.2455,0
-29.1058,-60.1640,0
-21.9537,-49.6665,0
-28.4150,-64.3732,0
-26.9255,-62.8990,0
-29.5790,-60.5619,0
-29.5190,-65.2839,0
-28.2770,-48.5355,0
-28.8065,-59.0338,0
-28.4428,-61.2586,0
-29.0320,-59.0792,0
-28.6255,-64.7426,0
-29.7032,-59.9232,0
-20.0912,-52.1807,0
-22.3342,-65.6987,0
-27.3957,-49.9879,0
-21.1846,-66.5243,0
-28.2457,-65.0554,0
-28.6953,-59.3663,0
-13.2230,-54.7260,0
-25.6732,-53.4910,0
-21.5468,-47.1048,0
-24.9102,-48.7929,0
-30.8187,-47.9981,0
-28.2792,-48.4789,0
-29.4280,-58.5890,0
-28.8360,-60.7870,0
-28.7647,-49.7481,0
-22.3989,-49.3074,0
-30.7889,-47.5324,0
-13.7383,-55.4043,0
-13.2408,-53.3300,0
-15.0268,-55.2648,0
-28.4518,-64.2071,0
-28.3196,-64.8668,0
-29.0315,-60.7104,0
-28.2046,-48.5270,0
-32.2729,-46.8296,0
-22.3946,-65.9507,0
-29.1163,-60.2498,0
-29.1297,-59.9187,0
 -3.5185,-47.0785,0
-29.1112,-58.8549,0
-28.1053,-64.9839,0
 -2.9972,-49.7617,0
-21.9074,-49.7800,0
-28.3250,-48.8487,0
-28.9678,-60.6808,0
-15.1210,-55.0804,0
-26.8620,-51.0525,0
-28.4170,-65.0028,0
-28.4682,-61.4431,0
-13.3714,-53.3775,0
  1.0972,-78.6412,0
-13.5486,-55.2267,3
-28.0584,-67.2410,0
-27.8287,-67.1772,0
-28.8090,-59.1230,0
-26.0473,-64.4792,0
-25.6908,-67.3545,0
-27.3889,-51.4664,0
-13.5253,-55.2388,0
-28.7558,-60.6267,0
-20.5068,-47.5335,0
-29.3504,-65.9633,0
 -9.4393,-55.6396,0
-13.6590,-55.5635,0
-27.9900,-49.7864,0
-22.0845,-65.7292,0
-25.4843,-52.8164,0
-27.8299,-48.2214,0
-13.6386,-55.0868,0
 -1.5140,-50.9277,0
-30.1645,-57.6252,0
-28.6187,-49.6803,0
-28.7863,-64.4795,3
-13.2419,-53.3702,0
-29.2629,-65.2038,0
-28.8840,-60.5611,0
-13.4371,-52.9690,0
-20.0841,-52.1100,0
-28.3942,-48.7268,0
-24.9555,-48.7233,0
-27.1469,-67.7537,0
-28.5507,-61.2332,0
-27.9759,-48.3458,0
-26.9388,-67.5746,0
-25.6827,-53.5164,0
 -1.0243,-76.2677,0
-28.9613,-60.2028,0
-28.7874,-60.6356,0
-28.2533,-61.6414,0
-27.3188,-49.8382,0
-29.2076,-60.6086,0
-25.1011,-49.1249,0
-21.1229,-65.7700,0
  4.3277,-77.0721,0
-28.2290,-64.6288,0
-28.9509,-64.4916,0
 -5.7759,-42.2057,0
-28.2797,-65.0852,0
-22.4687,-47.2880,0
-28.7946,-59.1749,0
-13.3114,-53.3707,0
-13.9323,-62.6479,0
-28.8896,-60.1145,0
-28.4183,-61.2250,0
-26.0282,-64.4802,0
-13.7820,-55.3434,0
-30.0443,-58.4217,0
-13.6512,-62.3448,0
-14.4278,-61.7614,0
-20.5429,-47.6700,0
-28.1116,-64.8319,0
-28.8978,-60.1793,0
-28.9867,-59.0492,0
-25.0264,-48.8761,0
-28.2412,-65.1791,0
 -2.7136,-56.9256,0
-28.1979,-48.4810,0
-28.6388,-48.7849,3
-28.8655,-61.3864,0
-21.5462,-65.5310,0
-29.1210,-60.2513,0
-28.6333,-61.0424,0
-29.0545,-49.0005,0
-26.2869,-64.3952,0
-21.8692,-49.6089,0
-13.3532,-53.4120,0
-28.7387,-48.8140,0
-28.9726,-60.6104,0
-13.6658,-55.4890,0
-28.1724,-64.9693,0
-12.0170,-57.9281,0
-28.4495,-64.7536,0
 -3.6838,-46.7580,0
-20.6195,-47.6315,0
-25.6789,-53.6297,0
-28.5575,-61.2630,0
-27.9653,-52.2632,0
-19.7008,-52.7332,0
-29.1460,-60.0683,0
-28.8036,-58.3739,0
-13.5108,-55.2690,0
  2.6178,-70.3799,0
-15.2065,-70.3829,0
-29.2555,-65.0501,0
  6.3274,-76.7158,0
-27.9513,-48.3716,0
-28.7066,-59.2718,0
-15.0234,-55.2694,0
-29.1313,-60.6033,0
-13.6430,-55.4322,0
-28.0697,-66.2249,0
-25.2159,-52.6900,0
-23.0140,-46.8462,0
-29.4880,-60.4074,0
-29.0549,-60.3056,0
-29.1817,-66.0211,0
-28.0607,-67.0656,0
-26.1527,-64.4002,0
-27.2334,-67.7374,0
 -2.9816,-49.5146,0
-28.4948,-64.3496,0
-30.7028,-61.2909,0
-28.8215,-60.6440,0
 -3.6976,-46.4109,0
-11.4589,-58.2378,0
-15.2586,-70.3918,0
-28.6654,-49.7103,0
-30.0750,-47.9703,0
-13.2186,-53.3864,0
-28.8445,-58.8728,0
-28.7038,-59.1750,0
-24.9252,-48.8136,0
-20.8927,-66.6807,0
-10.7404,-59.9915,0
-13.0493,-53.4576,0
-28.5173,-61.5111,0
-27.9380,-65.2641,0
-22.2726,-65.6720,0
-29.3317,-65.2087,0
 -8.7371,-63.0197,0
-28.2523,-65.0965,0
-28.2647,-48.8136,0
 -7.6914,-54.4348,0
-28.9497,-64.6300,0
-28.9403,-49.9649,0
-24.2837,-53.1628,0
-24.8522,-48.8493,0
 -4.0592,-46.2708,0
-28.9999,-60.6051,0
 -8.3677,-54.0610,0
 -3.3604,-47.5473,3
-28.2056,-48.5681,0
-28.9730,-60.1946,0
-28.1466,-49.6409,0
-28.7378,-59.3571,0
-29.5334,-60.1322,0
-28.5485,-48.4345,0
-13.8053,-55.2460,0
 -3.4072,-47.5845,0
-28.9530,-60.7256,0
-29.2433,-59.9622,0
-27.8291,-67.1623,0
-13.3832,-53.4077,0
-26.1124,-64.4804,0
 -7.5329,-54.2634,0
-28.7991,-59.1504,0
-13.6296,-55.5746,0
-26.8622,-51.0541,0
-27.2958,-51.4148,0
-28.0329,-48.3502,0
 -9.5414,-55.4477,0
-22.2581,-48.9472,0
-17.2772,-60.5377,0
-31.5646,-47.0373,0
-13.5004,-55.2786,0
-17.7975,-65.9776,0
-13.2344,-53.3301,0
-28.4751,-61.1586,0
