  1.9985,-70.8170,0
-13.8249,-61.4971,0
-18.4912,-55.8314,0
 -4.6463,-45.2947,0
-25.9955,-48.9857,0
 -0.9322,-76.9336,0
-22.9447,-66.2228,0
 -7.3421,-55.5642,0
-21.7536,-45.5703,0
-24.8197,-52.4496,0
-26.8905,-53.7879,0
 -8.3347,-38.5789,0
-15.8900,-55.9732,0
-12.5090,-54.9682,3
-25.5206,-48.7579,0
 -7.7602,-53.7006,0
-22.2841,-62.3326,0
-26.1332,-48.9635,0
-15.4292,-56.8466,0
-26.2463,-54.9249,0
 -3.4112,-43.6483,0
-27.4563,-49.5459,0
-11.7265,-53.6387,0
-21.1737,-55.2418,0
-20.8155,-63.3406,0
-27.6004,-49.2283,0
-19.9708,-66.8837,0
-26.5814,-52.5666,0
  0.1596,-73.6288,0
-15.0951,-71.0418,0
 -3.3514,-41.7089,0
-22.9986,-55.3244,0
-25.1015,-54.6360,0
-12.4677,-54.9041,0
-16.6510,-62.4427,0
-31.7502,-70.3671,0
  0.5379,-70.6742,0
-22.4699,-66.2602,0
-16.6831,-56.8941,0
-22.1879,-44.4132,0
 -7.9718,-55.0716,0
-16.2504,-69.9550,0
-23.9847,-51.8077,0
-13.7548,-59.2159,0
-25.2236,-47.9995,0
 28.3948,-59.0433,0
-12.1173,-60.4519,0
-22.2829,-62.4357,0
-27.6444,-49.1941,0
-23.5321,-63.1952,0
-21.1407,-55.2500,0
-18.4603,-55.8142,0
-16.7815,-56.8649,0
 -7.0406,-62.2038,0
-11.8261,-53.6228,0
-11.6218,-53.4962,0
-20.9715,-55.4728,0
-14.4401,-58.4527,0
-22.1028,-66.5151,0
-23.0928,-66.1086,0
-17.4199,-69.3767,0
-25.9135,-49.0087,0
-25.3752,-48.2626,0
-12.1821,-55.2369,0
-12.0358,-56.8758,0
 -9.0516,-52.8318,0
 -9.4232,-46.2184,0
-22.2673,-44.3886,0
 40.6911,-52.9274,0
-10.0056,-53.7756,0
-26.8371,-53.7907,0
-24.0109,-52.6293,0
 -7.6037,-53.8271,0
 -5.0899,-57.0923,0
-10.8253,-54.0219,0
 -6.7985,-44.9961,0
-24.1999,-65.9498,0
-15.3243,-59.7831,0
  0.0781,-70.8104,0
-14.7021,-56.1156,0
-21.0853,-55.3487,0
-12.0235,-55.6347,0
-18.8271,-68.2961,0
-27.4751,-49.2661,0
-24.4979,-52.5304,0
-21.3839,-65.6645,0
-12.8971,-53.7863,0
-23.1009,-65.9776,0
-24.9809,-48.0344,0
-26.5812,-51.8125,0
 -3.3536,-44.1842,0
-11.7191,-53.8176,0
 -5.3617,-56.5942,0
-18.4632,-55.7742,0
-24.1200,-51.9209,0
  2.0753,-70.8473,0
 13.9156,-127.4382,0
-15.1954,-58.6487,0
-11.3676,-58.4850,0
  3.4286,-69.4267,0
 -8.1309,-53.3293,0
-27.5017,-49.4404,0
-27.9832,-49.9988,0
-11.9307,-60.3870,0
-16.2436,-70.2127,0
-10.7673,-53.9725,0
-25.8937,-51.2954,0
 -8.7979,-45.4407,0
-11.1183,-62.9707,0
 -8.8947,-46.4223,0
-13.0954,-60.6139,0
 13.9098,-127.4414,0
-24.9160,-47.8633,0
-22.9950,-55.3279,0
-22.2551,-66.4158,0
-18.5384,-55.8050,0
-12.5645,-75.5419,0
-12.7213,-60.6420,0
-24.5034,-50.2791,0
 -3.1240,-45.5301,0
-15.4675,-58.2504,0
-22.5400,-62.1848,0
-22.2978,-62.3680,0
-14.8277,-56.2103,0
-26.2551,-48.8841,0
-27.6206,-49.3130,0
-26.5552,-49.0908,0
 -3.6576,-43.2775,0
 -7.4988,-54.6961,0
-27.7682,-48.9586,0
-13.7696,-61.4970,0
-24.4221,-52.4124,0
-21.3692,-52.2394,0
 -6.9622,-62.2275,0
-15.1125,-60.0386,0
 -2.9052,-43.5953,0
 -9.3283,-62.8721,0
-25.5319,-48.3947,0
-20.8217,-63.8787,0
-10.3911,-54.9404,0
 -8.9070,-46.4729,0
 -2.8627,-43.3103,0
-23.0682,-63.4381,0
 -3.5048,-42.3802,0
-15.9390,-55.9764,0
-18.5936,-55.8909,0
 -7.7089,-53.5779,0
-25.7148,-51.0143,0
-21.4881,-65.6119,0
-12.0101,-56.8205,0
-21.0668,-55.2436,0
-22.9436,-63.2160,0
-25.0697,-52.2861,0
-27.6391,-49.1724,0
-10.0051,-53.7971,0
-25.1408,-48.0603,0
-17.5034,-69.2207,0
-23.9123,-66.3783,0
-11.3958,-43.0550,0
-16.5803,-68.7454,0
-12.8643,-53.8501,0
-21.3686,-52.3023,0
-17.6678,-56.3491,0
-25.9975,-48.9372,0
-12.9145,-58.4521,0
-20.9089,-55.4608,0
-25.8520,-51.0779,0
 -9.2655,-63.0874,0
 -7.6930,-53.8382,0
 -8.8050,-53.7504,0
 -6.7000,-56.4764,0
-17.3457,-68.9724,0
-12.7200,-60.7208,0
-25.1540,-52.4870,0
 -4.1765,-44.8232,0
-26.4281,-49.2132,0
-18.5233,-68.7898,0
-23.0009,-55.3274,0
-15.9380,-55.9140,0
 -8.1845,-48.8015,0
 -5.4559,-56.7235,0
 -3.6519,-45.8944,0
-22.2998,-62.2146,0
-22.1472,-62.1394,0
-26.9613,-53.9808,0
-12.0620,-55.6457,0
-25.6228,-51.6105,0
 -7.6673,-53.4011,0
 -4.0977,-44.8511,0
 -8.6896,-45.6294,0
-14.9368,-72.1791,0
 -3.3843,-41.9861,0
 -7.1623,-55.5646,0
-12.9630,-53.7798,0
-22.4541,-62.2169,0
-26.8282,-53.8221,0
 -7.7936,-53.7365,0
 -4.5880,-50.4014,0
-10.4422,-54.9791,0
 -7.5078,-54.6691,0
-20.6846,-65.5530,0
-19.0721,-66.1576,0
 -7.5316,-55.1938,0
-22.2961,-62.4128,0
-19.0008,-55.9243,0
-11.7794,-53.6649,0
-18.4742,-55.7642,0
-15.4773,-70.2080,0
-26.5508,-51.7997,0
-23.2411,-65.9701,0
-21.1263,-65.6892,0
-24.4839,-50.2343,0
 -2.8920,-47.7834,0
 -7.7174,-53.8771,0
  1.2457,-31.6591,0
-12.8860,-53.7883,0
-27.4180,-49.6335,0
-19.7677,-54.9958,0
 -5.5032,-60.1073,0
-16.5947,-56.9899,0
-24.2889,-51.6089,0
-11.7208,-75.8420,0
-25.3805,-48.3271,0
-25.1203,-47.9756,0
-21.6054,-45.9196,0
-15.5257,-71.2635,0
-13.7320,-59.0931,0
-24.8378,-48.1162,0
 -8.9204,-45.1405,0
-26.4769,-49.1140,0
-27.1437,-49.6395,0
-20.9436,-66.2854,0
-12.8859,-53.7880,0
-27.5926,-49.4061,0
-11.6083,-56.0196,0
-15.2651,-59.8711,0
-18.4490,-55.8827,0
-13.7192,-61.4264,0
-24.8261,-52.5203,0
-10.8154,-54.1033,0
-22.3960,-66.2943,0
-21.8916,-44.0953,0
-14.6440,-71.4182,0
 -5.5475,-61.2559,0
-12.7321,-60.6650,0
  2.5625,-70.2933,0
-15.8202,-55.8954,0
-11.9936,-55.6573,0
-16.6978,-56.8076,0
-15.6667,-58.6338,0
-21.1710,-55.2365,0
 -7.2305,-55.7311,0
-27.7030,-49.1584,0
-23.3001,-65.9806,0
-19.5676,-67.0961,0
-14.2109,-60.5131,0
-24.0179,-52.5980,0
-16.9977,-68.8550,0
  2.4554,-43.0524,0
-24.8237,-48.0024,0
-16.1983,-64.7517,0
-24.5732,-50.3050,0
-20.9830,-55.4151,0
-24.2244,-51.9531,0
 -7.7526,-53.7377,0
-22.9937,-55.3281,0
-25.4554,-48.2542,0
-19.0879,-67.2822,0
-19.2792,-55.0216,0
-11.7915,-55.7902,0
 -7.6887,-53.8389,0
 -5.5631,-56.9492,0
-26.5450,-51.8672,0
-15.1998,-72.1970,0
 -7.0311,-62.1825,0
 -8.1769,-53.5236,0
-15.2264,-59.7586,0
-11.5588,-56.3746,0
-12.1534,-55.3700,0
 -9.5284,-74.8949,0
-13.1533,-60.5307,0
-22.0567,-63.4561,0
-23.9379,-52.6394,0
 -8.5928,-46.7165,0
 -8.0153,-52.9918,0
-15.1719,-59.7421,0
-21.1401,-55.2500,0
-15.5546,-70.2206,0
-11.4560,-61.2788,0
-19.7611,-55.1154,0
-27.6278,-49.1281,0
-12.4786,-55.5618,0
-19.9051,-54.7383,0
-26.1605,-48.9365,0
-20.8529,-55.4793,0
-27.4759,-49.2664,0
 -9.6137,-56.2394,0
-12.8872,-53.8512,0
-24.5827,-50.2142,0
-11.8764,-55.6995,0
-15.9380,-55.9149,0
-15.4486,-71.3404,0
-12.0080,-56.8245,0
  0.6935,-70.4491,0
-18.4576,-55.8208,0
-21.6507,-46.1454,0
  2.5135,-70.4174,0
 -1.2683,-63.1364,0
-27.3779,-49.5694,0
-11.7538,-53.6018,0
-11.5954,-53.5254,0
-14.3123,-58.3883,0
-26.4917,-49.1098,0
-10.9322,-58.4260,0
-24.0590,-47.0320,0
-10.0078,-53.7887,0
 -8.8274,-45.5062,0
-12.9318,-58.4983,0
-27.5405,-49.3362,0
-24.9198,-52.4904,0
-21.1188,-55.3299,0
-10.8079,-54.0772,0
-25.3520,-48.2226,0
 -8.6353,-47.0467,0
-25.0887,-54.6427,0
-24.0143,-52.6098,0
-23.8300,-63.0743,0
-21.1482,-62.9049,0
-15.9666,-70.6596,0
-23.2682,-49.1137,0
 -8.7482,-53.3432,0
-21.0539,-55.4388,0
 -7.6127,-54.3815,0
-21.1490,-55.2266,0
 -3.0678,-46.1666,0
-11.9021,-57.9551,0
-26.6434,-52.6197,0
-14.6135,-56.2762,0
-27.8600,-49.2158,0
-22.9946,-55.3283,0
-18.9230,-68.2266,0
-22.2975,-62.3682,0
-24.4963,-50.2515,0
-10.5186,-54.9294,0
-22.8636,-65.9789,0
-17.0319,-68.8571,0
 -5.4681,-61.2258,0
-15.3983,-59.7862,0
 -7.6871,-53.7106,0
-15.9249,-55.9057,0
-11.0481,-57.3132,0
-25.8148,-52.2373,0
-27.9783,-50.0233,0
 -8.8821,-63.0454,0
-12.7178,-60.7006,0
-19.8027,-66.6704,0
-11.7814,-55.7806,0
 -3.8282,-44.4663,0
 -8.9116,-46.4325,0
 -3.2767,-44.6530,0
 -8.3321,-38.5805,0
-24.3857,-53.5449,0
-14.9549,-60.1450,0
-15.4461,-56.8578,0
-26.5821,-52.6861,0
-14.0945,-60.5561,0
-22.3767,-62.2439,0
-23.0756,-55.2254,0
-23.2009,-65.9751,0
-16.2726,-69.9766,0
-15.6882,-70.6628,0
-23.6859,-65.8155,0
-10.5599,-58.0419,0
 -3.4442,-43.5418,0
-26.8159,-48.9017,0
-21.7408,-46.2069,0
-25.8348,-48.9417,0
-24.0572,-66.2819,0
-11.7443,-53.7558,0
 -3.0792,-69.4080,0
-22.5097,-45.8285,0
 -8.4591,-53.4800,0
-15.8567,-55.9350,0
-25.7199,-50.9976,0
-15.2120,-70.3136,0
-19.8487,-54.8440,0
-13.7523,-61.4700,0
-17.5935,-69.1454,0
-20.9771,-55.4818,0
 -9.0391,-63.4337,0
-12.7203,-60.7202,0
-26.9831,-53.9813,0
 -2.0837,-47.9824,0
-11.9773,-56.9634,0
-24.3023,-51.8772,0
-18.4771,-55.8684,0
-15.0392,-58.7576,0
 -8.0632,-53.2189,0
 -7.7265,-53.8548,0
-25.0600,-47.9545,0
