-21.5672,-65.5536,0
 -8.2164,-52.8443,0
-15.1916,-58.0223,0
-22.6875,-49.8726,0
-20.7667,-55.2048,0
 -8.0922,-78.1580,0
 -4.5868,-49.7244,0
-12.7222,-54.6388,0
-10.3102,-54.6933,0
-27.1752,-50.1404,0
-11.5767,-57.0208,0
-26.2160,-56.4669,0
-27.1131,-50.4609,0
 -9.2033,-45.8097,0
-18.0935,-56.7128,0
-16.0983,-62.7502,0
-22.3060,-66.5139,0
-14.6170,-60.9033,0
-23.6975,-52.2279,0
-22.7036,-52.0937,0
 -3.7509,-58.1691,0
-15.9546,-55.4152,0
 -5.8849,-56.3701,0
-14.0197,-60.2119,0
 -5.4985,-56.2336,0
 -0.2121,-69.6877,0
-12.2531,-54.9628,0
-17.9764,-55.9383,0
-28.8603,-49.9182,0
-20.1635,-53.5353,0
-19.9529,-64.0635,0
 -9.8248,-77.3817,0
 -7.1486,-54.5567,0
-26.5119,-54.2429,0
  1.2658,-70.3314,0
-14.0907,-60.2215,0
-25.6867,-50.6292,0
 -8.7841,-56.0335,0
-14.8431,-59.4058,0
-25.9152,-49.5682,0
-12.6305,-54.7307,0
-13.0348,-59.1570,0
-20.8039,-63.8999,0
-20.4594,-66.0297,0
-12.1934,-75.5706,0
-13.1882,-60.1658,0
-15.2936,-58.5135,0
-26.7355,-54.3675,0
-11.6852,-76.1392,0
-15.1306,-57.4250,0
 -4.7668,-58.2644,0
-25.2805,-48.4729,0
-11.5465,-56.7814,0
 -5.3116,-56.0570,0
-18.1370,-56.2064,0
-13.1238,-61.7993,0
-21.6692,-46.0512,0
-24.3654,-52.0100,0
-11.6798,-60.1011,0
-26.8256,-49.8253,0
-23.9783,-53.9838,0
-26.3416,-52.5806,0
-20.0158,-54.3872,0
-15.9218,-55.5928,0
-10.1040,-58.0155,0
-17.0795,-55.3970,0
-23.3429,-52.0122,0
-21.4406,-52.5452,0
 -7.4548,-53.9054,0
 -5.4224,-59.2523,0
-23.6520,-52.5269,0
-22.1647,-44.5715,0
-17.3552,-55.3670,0
 -8.3256,-53.0536,0
-20.7948,-52.9380,0
-12.7390,-53.4963,0
-20.0706,-53.5298,0
-18.8117,-56.0124,0
-23.5464,-66.1905,0
-22.6126,-54.3366,0
 -9.6819,-55.3242,0
  0.8692,-70.3092,0
-25.3594,-48.5409,0
-19.3389,-65.7147,0
-20.1742,-66.6974,0
-25.5939,-48.8336,0
-20.8074,-55.2818,0
-23.4961,-66.2637,0
-20.8138,-55.0272,0
 -5.4297,-56.1876,0
-18.6934,-66.3511,0
 -5.9429,-61.4944,0
 -7.1182,-54.4749,0
-15.1286,-57.5649,0
-22.4736,-45.0211,0
-12.2564,-54.9558,0
  0.9682,-70.2627,0
 -8.5867,-52.9538,0
-15.3463,-58.5190,0
 -8.3617,-52.9782,0
-12.5851,-54.6509,0
 -2.3575,-47.1846,0
 -9.9349,-53.4898,0
-26.9261,-49.2542,0
-14.8938,-58.3833,0
-13.3284,-61.4575,0
-20.2671,-55.3794,0
-23.6984,-52.4568,0
-16.0230,-60.4313,0
-11.9003,-58.9807,0
 -3.8801,-42.9596,0
-20.0166,-54.3883,0
-17.6735,-55.2996,0
-26.5921,-54.3107,0
-13.1782,-60.0698,0
-16.7088,-70.1702,0
-11.4808,-56.6776,0
-15.1226,-57.9607,0
-25.6183,-48.7147,0
 -2.6732,-45.8696,0
  1.9098,-70.5361,0
-20.8092,-55.2158,0
-18.6909,-56.0642,0
-23.5176,-53.7825,0
-17.0388,-55.4396,0
-15.1427,-56.6767,0
-15.8674,-55.5931,0
-17.0343,-69.7010,0
-22.8968,-63.5413,0
 -4.7075,-58.7404,0
 -6.7444,-55.8315,0
 -8.1336,-63.2209,0
-24.4558,-49.0535,0
-20.7961,-53.0340,0
-20.3977,-55.3832,0
-11.5352,-56.8505,0
-12.4330,-55.0156,0
 -8.5780,-53.0298,0
-25.5853,-48.7252,0
 -4.1867,-44.4061,0
-24.0650,-54.1186,0
-20.7898,-55.1187,0
-20.7833,-53.5246,0
-18.1318,-56.7238,0
-15.3465,-58.4802,0
-31.8737,-69.9807,0
  2.6331,-70.9685,0
 -8.9814,-45.3082,0
-20.1196,-53.5093,0
-10.2898,-54.7070,0
-18.6795,-68.0870,0
-18.7653,-56.0309,0
-25.4750,-49.1126,0
-12.8503,-54.8707,0
-13.6265,-60.7384,0
 -5.3381,-56.1484,0
 -7.1621,-54.5140,0
 -8.4584,-53.1962,0
-24.0262,-54.1641,0
-24.5942,-51.9400,0
-17.4454,-55.3045,0
-23.5535,-66.2040,0
-12.2530,-54.9737,0
-15.9382,-55.5848,0
-12.8342,-54.8402,0
-18.6887,-56.1298,0
 -4.7322,-50.0005,0
-11.7626,-60.0792,0
-24.2386,-52.2302,0
 -9.5057,-45.7347,0
-13.0976,-60.1630,0
-27.5706,-49.9682,0
-12.6370,-54.6538,0
 -7.4575,-53.9412,0
-24.0492,-53.9706,0
-20.1315,-54.4453,0
-26.9606,-50.4934,0
-23.7091,-52.4081,0
-26.6341,-51.3285,0
-11.7705,-57.0045,0
-13.3801,-54.8051,0
-11.7556,-75.9074,0
-24.5478,-48.5046,0
-13.3989,-42.0525,0
 -5.6369,-56.2164,0
-15.8596,-55.5945,0
 -8.6887,-62.9091,0
-20.7658,-55.0869,0
-13.6314,-60.2276,0
-12.9912,-59.1685,0
-11.5461,-56.7829,0
 -4.4374,-57.8859,0
-13.1968,-42.0333,0
-25.6840,-50.5920,0
 -8.3729,-38.7296,0
 -8.5876,-46.2760,0
-21.8874,-62.5485,0
-27.5134,-49.8785,0
-25.2796,-48.4745,0
-12.2521,-54.9625,0
-15.3941,-58.4115,0
-17.1109,-55.4294,0
 -7.4532,-53.9512,0
-10.9307,-58.1894,0
-13.8186,-60.0904,0
 -8.8041,-55.9522,0
-22.0009,-51.8233,0
-24.6821,-51.9940,0
-24.4472,-48.9787,0
-18.4623,-55.9149,0
-11.5956,-60.0228,0
 -3.3786,-62.4293,0
-14.9519,-50.3126,0
-17.7881,-55.2370,0
 -3.3099,-41.2691,0
-11.4908,-56.7908,0
-17.1941,-55.5574,0
-15.9716,-55.5050,0
-16.0758,-57.0325,0
 -7.2405,-65.8787,0
-23.3910,-66.2122,0
-26.7659,-49.8434,0
-25.3538,-48.6330,0
 -7.3273,-55.0311,0
 -5.4537,-56.1393,0
 -4.5465,-58.9375,0
-18.1284,-56.2084,0
-23.7014,-52.2341,0
-20.8519,-53.0539,0
-11.0285,-63.3300,0
-15.1406,-56.6903,0
-15.3677,-58.5053,0
-15.8664,-55.5895,0
 -8.4637,-55.6530,0
-20.7873,-52.8518,0
 -7.4536,-53.8748,0
-24.4267,-52.0606,0
-15.0456,-57.5568,0
-18.6952,-67.6969,0
-27.1796,-50.5193,0
-15.1844,-57.9695,0
-25.5140,-48.6768,0
 -6.5362,-55.9035,3
-18.0453,-56.7203,0
-16.7089,-69.5982,0
-14.6304,-60.3459,0
 -0.9169,-50.5662,0
-20.1411,-53.5875,0
-20.8200,-55.1074,0
-23.4139,-53.8330,0
-21.1936,-64.0345,0
-29.1398,-50.3992,0
 -7.2673,-41.1481,0
 -7.7509,-53.4473,0
-15.3972,-68.9912,0
 -6.5884,-55.9247,0
-12.2607,-54.9710,0
-20.3135,-55.4370,0
-23.5036,-53.7271,0
-12.7457,-54.7190,0
-24.4054,-49.1682,0
-22.0287,-45.8326,0
-15.7862,-55.5651,0
-10.3212,-54.7697,0
-15.0377,-49.9710,0
-12.2546,-60.3662,0
-17.4296,-55.3777,0
-25.5175,-53.0067,0
-26.5724,-51.3636,0
 -9.4422,-55.6067,0
 -3.0309,-43.9783,0
 -7.5022,-53.9334,0
 -7.2329,-39.9086,0
-11.4700,-56.8093,0
-27.5408,-49.0952,0
-27.1250,-50.1893,0
 -4.7325,-50.0765,0
-12.9577,-60.3004,0
-24.9237,-52.8807,0
-26.8215,-49.9093,0
-21.5764,-65.5255,0
 -5.6345,-60.4042,0
 -9.6656,-55.3816,0
-20.5148,-55.6542,0
-25.3447,-48.5536,0
 -4.6813,-49.3496,0
-25.6206,-52.3625,0
-15.5653,-60.5676,0
-16.0191,-55.4081,0
-25.5954,-48.7469,0
 -7.4539,-53.9518,0
-18.6896,-56.0754,0
-12.2760,-54.8551,0
-22.7739,-51.9960,0
 -9.1125,-56.0357,0
-16.3196,-70.1835,0
-24.0512,-54.1654,0
-14.9406,-59.8316,0
-15.9396,-60.5082,0
 -6.0423,-56.3565,0
-12.4787,-55.1399,0
-17.9665,-68.4854,0
-20.2347,-55.3833,0
-15.3098,-58.5467,0
-12.7421,-53.5185,0
-23.6531,-52.4146,0
-20.7983,-55.2663,0
-25.3306,-48.6102,0
-12.2311,-54.7232,0
-24.0447,-54.2186,0
 -5.9347,-61.0867,0
-22.7872,-63.4659,0
-15.8861,-55.5916,0
-21.8281,-62.5063,0
 -7.0681,-54.7790,0
-27.0783,-50.4723,0
  1.0302,-76.2037,0
-12.2537,-54.9327,0
-27.6767,-50.6755,0
-14.9876,-58.0587,0
-17.6735,-55.2673,0
 -8.5573,-53.0228,0
-21.9695,-51.8467,0
 -7.1225,-54.4936,0
-15.2448,-60.2010,0
-24.9241,-51.5840,0
-12.5740,-54.6875,0
-20.1230,-53.5525,0
-25.5617,-48.7156,0
 -2.9783,-43.2322,0
-20.8071,-63.9053,0
-13.2541,-60.1431,0
 -7.7010,-53.4009,0
-12.2619,-54.7676,0
-15.1742,-57.5505,0
 -8.2250,-52.7534,0
-15.1091,-56.6782,0
-25.5750,-52.6766,0
-12.2536,-54.9326,0
 -9.9281,-53.4723,0
-25.2773,-48.5663,0
 -4.2620,-57.2057,0
-23.4325,-53.7760,0
 -2.8411,-45.7799,0
-21.8006,-45.8005,0
-11.7066,-57.3236,0
-14.8748,-59.4472,0
-13.6327,-60.1929,0
 -5.8470,-56.3351,0
 -8.8896,-55.9517,0
-20.8303,-55.2086,0
-18.1367,-56.2082,0
-25.5610,-53.1724,0
-24.4144,-52.0246,0
-20.5685,-63.3666,0
-15.5791,-70.8222,0
  1.1926,-51.5258,0
-20.8128,-55.0232,0
 -3.2763,-45.6912,0
-18.9731,-58.0741,0
-15.8602,-55.5945,0
-26.6264,-49.6060,0
-21.9455,-45.8580,0
 -7.4544,-53.9517,0
-18.7796,-56.0058,0
-19.9361,-47.1326,0
-15.0658,-57.4891,0
-26.7201,-49.3164,0
-16.5558,-70.1820,0
-12.6824,-54.7619,0
-17.0873,-55.3493,0
-20.7660,-52.8954,0
 -5.5140,-56.2172,0
 -4.9073,-58.2803,0
-25.1956,-48.5893,0
-11.4741,-56.6979,0
-15.0380,-49.9993,0
-20.0152,-54.4113,0
-18.1121,-56.7139,0
-15.0612,-49.1443,0
 -6.7881,-55.9093,0
 -7.4777,-53.9499,0
 -8.2101,-52.8413,0
 -8.5822,-53.0279,0
-25.0315,-48.4739,0
-17.6840,-55.3089,0
-20.8561,-55.0208,0
-10.3551,-54.7114,0
-20.2343,-55.3944,0
-28.4003,-49.6745,0
-13.9484,-60.1556,0
-21.3821,-62.5545,0
-11.7044,-55.3248,0
-10.2121,-44.5086,0
-15.4777,-60.0994,0
-24.0513,-63.0704,0
 -7.3288,-61.8993,0
 -5.2466,-56.0135,0
-12.6301,-54.7139,0
-11.4789,-56.8055,0
 -7.4639,-53.5275,0
-20.8025,-53.0182,0
-23.3981,-66.1228,0
-27.2589,-49.9971,0
 -8.2140,-52.7972,0
  1.1141,-70.2672,0
