-12.0216,-55.5867,0
-23.8705,-66.5591,0
-25.2244,-48.2186,0
 -7.9495,-38.2089,0
-25.4562,-48.2388,0
-10.4438,-54.9317,0
-13.2639,-60.5225,0
-27.6434,-49.2144,0
 -4.8200,-59.7455,0
-14.1114,-59.0295,0
-27.4277,-49.7911,0
-20.0530,-66.5921,0
-26.3182,-49.0704,0
-21.1405,-55.2277,0
-14.0080,-60.5584,0
 -4.0975,-44.8546,0
-19.9593,-53.7206,0
-23.0029,-55.3291,0
-21.6491,-46.2881,0
-15.5246,-58.2404,0
-24.9250,-52.4066,0
-12.8671,-53.7888,0
 -7.6386,-53.3947,0
-15.9152,-55.9076,0
 -4.2538,-62.1782,0
-11.9946,-57.8525,0
 -9.9523,-53.7679,0
-16.6790,-56.8298,0
 -7.2038,-55.7443,0
-20.6467,-63.9992,0
 -0.5866,-75.7804,0
-12.2547,-55.2411,0
-23.9555,-52.5534,0
-11.8115,-53.5841,0
 -9.3887,-62.8873,0
-18.4375,-55.8708,0
  5.9098,-75.6603,0
-21.7837,-65.5638,0
  0.6008,-70.7254,0
-26.8547,-49.3134,0
-11.9919,-57.2597,0
-25.1405,-48.0601,0
 -8.8157,-45.3782,0
-20.9429,-66.2792,0
-14.8040,-72.3059,0
 -8.3954,-44.1663,0
-27.9091,-49.4611,0
 -7.9169,-55.0869,0
-19.0882,-67.2822,0
 -3.3538,-41.6659,0
-14.0932,-60.5350,0
-20.6490,-63.8329,0
-22.1332,-62.3763,0
 -7.7605,-53.6299,0
 -7.0392,-62.1971,0
-21.0564,-55.3285,0
-27.5409,-49.2573,0
  0.9449,-70.6789,0
-25.8342,-51.0768,0
-12.0217,-55.6270,0
-19.3684,-67.0621,0
-25.2760,-50.8653,0
-26.4301,-52.6036,0
-11.7591,-55.7981,0
-10.7946,-53.9792,0
-11.8215,-53.6368,0
 -9.1500,-52.7473,0
-23.6550,-65.9578,0
-21.5413,-50.5954,0
-10.3587,-58.0686,0
-24.0179,-52.6212,0
-21.1140,-65.6998,0
-18.4232,-55.8748,0
-17.3596,-69.4014,0
-12.7062,-60.7191,0
-21.1394,-55.2851,0
-22.3354,-44.5419,0
-25.9017,-51.3215,0
-24.9276,-52.5104,0
 -8.9089,-45.5892,0
-25.1673,-48.0151,0
 -8.0228,-38.4659,0
-15.8599,-55.9270,0
-17.5817,-69.1318,0
 40.6712,-53.0303,0
-25.3492,-48.2659,0
-21.0581,-55.2701,0
-13.8938,-72.2063,0
-11.5065,-61.2695,0
-11.7384,-53.8059,0
-18.4818,-55.8037,0
-21.6398,-46.0522,0
 -9.2516,-56.3236,0
-24.4385,-52.2424,0
-25.5404,-48.3215,0
-12.8979,-53.7982,0
 -4.1973,-44.7652,0
 -8.1722,-44.5750,0
-15.1214,-71.0472,0
-24.0076,-52.7069,0
-21.1468,-55.2052,0
-11.6498,-58.3023,0
-15.6304,-70.6563,0
-26.5519,-49.1663,0
-27.6242,-49.2204,0
-11.7520,-53.6466,0
-12.1740,-55.2030,0
 -7.6935,-53.8186,0
-26.4426,-52.6060,0
-11.9332,-55.7001,0
-12.8149,-60.5515,0
 -7.6121,-54.3664,0
-15.2557,-59.8286,0
-12.9857,-58.6172,0
-20.9131,-55.4916,0
-25.5476,-52.3080,0
-25.7569,-50.9748,0
-22.3761,-62.2592,0
-16.6089,-56.9878,0
 -6.9696,-56.1999,0
-12.1777,-55.3222,0
-25.0984,-54.6438,0
-24.4948,-50.2874,0
-21.5233,-46.1517,0
-18.4238,-55.7480,0
 -6.9250,-55.9869,0
 -7.7297,-51.5428,0
-19.9512,-53.7029,0
 -6.8374,-55.9758,0
 -3.2055,-45.1997,0
 -6.9619,-62.2322,0
 -3.2900,-41.6431,0
-25.0685,-47.9620,0
-25.9953,-48.9848,0
 -9.6094,-77.6503,0
-22.3769,-62.1942,0
-10.8490,-54.0543,0
-12.8868,-53.7684,0
 -8.7287,-53.3131,0
-10.0042,-53.8307,0
-31.6564,-70.4435,0
-27.4912,-49.3275,0
 -8.1175,-53.2972,0
-21.5368,-45.1198,0
-25.4539,-48.3874,0
-20.2455,-63.7955,0
 -7.6115,-53.6007,0
-20.8357,-55.4746,0
-21.0589,-55.2190,0
 -7.6252,-62.9910,0
-15.7786,-56.0983,0
-15.9318,-55.9382,0
-13.2537,-60.4966,0
-25.9026,-51.1354,0
-15.3920,-56.8255,0
 -3.8627,-44.4563,0
 -8.9694,-52.7804,0
 -8.8042,-45.4909,0
-23.0024,-55.3256,0
-12.7121,-60.7110,0
 -7.0187,-62.1832,0
 -7.6876,-53.6414,0
-25.8808,-48.4728,0
-10.5182,-54.9023,0
-14.7547,-56.3259,0
-11.8210,-53.6416,0
-18.2875,-56.0736,0
-24.5296,-50.3665,0
 -5.5236,-62.5595,0
-25.1478,-48.1209,0
-21.4607,-52.1061,0
  0.2395,-70.7604,0
-11.0160,-76.7390,0
-12.8465,-53.8699,0
-24.2927,-53.5146,0
-12.3536,-54.4124,0
-26.6297,-53.7794,0
 -3.6566,-43.2755,0
 -4.5224,-49.6299,0
-27.8668,-49.1792,0
-11.8684,-55.6964,0
-14.6437,-70.9113,0
-23.2748,-66.0201,0
-24.4232,-52.3464,0
-27.6903,-49.2098,0
-15.5049,-58.2705,0
 -8.2378,-53.4256,0
-27.5333,-49.5228,0
 -8.2686,-44.6363,0
-16.6408,-56.8235,0
-21.0052,-55.3439,0
 -9.3827,-63.0089,0
-11.6839,-58.4431,0
-12.5115,-58.8816,0
 -2.8059,-52.4865,0
-18.4617,-55.7873,0
-13.7853,-61.5094,0
-16.1484,-68.4376,0
-21.7873,-46.0065,0
-22.1867,-44.4144,0
-21.3091,-67.0560,0
-12.5582,-75.5948,0
-21.2836,-62.4817,0
-12.9624,-53.7801,0
-14.0096,-72.7189,0
-19.7489,-47.6763,0
-15.3216,-70.7712,0
 -4.4991,-59.1889,0
 -7.6965,-53.5514,0
-26.8470,-50.9497,0
-11.0463,-57.3026,0
-26.4118,-49.2246,0
-24.1762,-51.8209,0
-11.9914,-56.9088,0
-13.9477,-59.1272,0
-25.6465,-52.0116,0
-24.1075,-66.1472,0
-22.2365,-62.4722,0
-26.3880,-52.2145,0
-18.6911,-67.7679,0
-21.1392,-55.2493,0
-14.6545,-70.9098,0
-24.9635,-51.1814,0
-19.6488,-66.8967,0
-19.8059,-54.7912,0
-11.7693,-55.8665,0
-23.9670,-51.7210,0
-22.7986,-66.3974,0
-24.1462,-66.1279,0
-26.4180,-49.1078,0
-12.1893,-55.2440,0
-18.4612,-55.7913,0
-22.5241,-46.2046,0
-21.8723,-51.4815,0
-10.4212,-54.9838,0
 -1.2358,-50.9494,0
-15.6694,-71.0189,0
  0.3184,-70.6470,0
-10.8305,-54.0012,0
 -8.1349,-53.5341,0
-15.9368,-55.9145,0
-21.0573,-55.2431,0
 -3.5002,-45.6743,0
-19.8346,-53.2960,0
-11.9535,-57.0671,0
-26.5744,-52.5412,0
 -2.8919,-44.9959,0
-11.9692,-55.6137,0
-19.9255,-53.7412,0
-13.0874,-60.5638,0
-12.3209,-55.2885,0
-12.7253,-60.6834,0
-20.2979,-53.1002,0
-24.9861,-48.0160,0
-11.8292,-53.5911,0
-21.1053,-55.2299,0
 -8.4589,-53.4082,0
 -7.7586,-53.7010,0
-19.5361,-57.9912,0
-24.8511,-51.4791,0
-14.1697,-60.5286,0
 -3.2830,-43.5152,0
-22.5131,-45.8979,0
-25.9779,-48.9908,0
-24.5045,-50.2669,0
-26.5538,-51.8179,0
 -6.7936,-44.9703,0
-25.0693,-54.6502,0
-23.0033,-66.0053,0
-15.6732,-58.5989,0
-23.4043,-49.3349,0
-14.6570,-58.9002,0
-12.8527,-53.8337,0
 28.3356,-59.1383,0
 -9.9891,-53.7650,0
-11.7668,-53.6035,0
-12.5902,-59.0597,0
-16.9926,-68.9263,0
  1.3327,-70.8103,0
 -2.9745,-45.8585,0
-20.7249,-55.4710,0
-25.4328,-48.2464,0
-21.3131,-52.2637,0
  2.0365,-70.8233,0
-19.6480,-66.9496,0
-20.8917,-47.3824,0
 -3.1760,-59.7346,0
-18.3015,-66.4731,0
-13.7274,-60.4892,0
 -7.6333,-38.8347,0
-12.1167,-55.1895,0
-24.0212,-52.4864,0
 -9.9285,-53.7937,0
-13.8017,-59.1340,0
 -2.9402,-45.9023,0
-15.8611,-70.3473,0
-12.0878,-55.5187,0
-21.7527,-45.5573,0
-12.8864,-74.8098,0
-18.5647,-55.8767,0
-22.4638,-66.2638,0
-15.7372,-70.6087,0
-25.4481,-48.4230,0
-15.2548,-59.7998,0
  2.5968,-70.3315,0
 -8.8301,-45.5144,0
 -7.4538,-55.2366,0
 -7.5169,-54.6495,0
 -4.4410,-50.0119,0
-21.1199,-55.2982,0
-24.1856,-51.9082,0
 -8.2004,-48.7962,0
-25.6734,-53.4876,3
 -8.6709,-53.4296,0
-10.5183,-54.8556,0
-12.9042,-53.7862,0
-15.8584,-55.9520,0
-15.5094,-58.2511,0
-18.5040,-55.8176,0
-13.7005,-61.4280,0
 -7.2953,-55.5534,0
-19.7459,-54.9957,0
-15.9389,-70.2909,0
-11.8725,-53.6570,0
-14.6377,-73.6628,0
 -5.5496,-56.7871,0
 -9.4272,-46.2051,0
-24.9483,-52.4573,0
 -4.5147,-50.1607,0
-23.9576,-52.6523,0
-25.6785,-53.4247,0
-22.3730,-62.1804,0
-15.8658,-70.5576,0
-24.3003,-53.6390,0
-18.4267,-55.9024,0
-16.6791,-56.8248,0
-25.5494,-52.2348,0
 -8.1489,-53.1568,0
-24.2383,-51.8571,0
-19.6756,-64.3717,0
-24.2013,-66.0174,0
-27.5435,-49.5028,0
-21.5496,-44.7739,0
-15.4055,-59.8003,0
-27.5593,-49.2407,0
-25.9160,-51.0552,0
-12.0475,-57.3943,0
-20.5680,-63.8283,0
-24.3054,-53.5529,0
 -9.1728,-52.7455,0
 -3.4552,-58.7846,0
 -6.6814,-62.2282,0
 -7.0391,-62.1824,0
-18.4085,-55.7694,0
-22.9943,-55.3224,0
 -4.2078,-44.7581,0
-10.0042,-53.8311,0
-10.1092,-52.6551,0
-11.8697,-55.6206,0
-14.0973,-60.5490,0
 -8.3724,-53.3841,0
 -7.5557,-38.9877,0
-15.3589,-58.2870,0
-17.6014,-69.1788,0
 -8.6122,-46.6467,0
  0.5403,-61.2449,0
-26.3847,-52.1141,0
-25.0168,-47.9807,0
-16.2495,-70.0311,0
 -7.1373,-55.5474,0
-15.9134,-55.9156,0
-10.7132,-73.5210,0
-12.8513,-53.8903,0
-26.6518,-52.5404,0
-18.4617,-55.8237,0
-12.7202,-60.6927,0
 -4.7820,-62.8733,0
-12.1729,-55.2763,0
-13.2631,-60.5187,0
 -7.2473,-40.3197,0
-20.8871,-55.4058,0
 -9.4288,-46.2489,0
-19.6240,-54.1075,0
-23.2617,-48.3342,0
-25.1664,-51.1255,0
-10.8227,-54.0942,0
-25.4578,-48.3149,0
-19.7881,-54.7887,0
-22.1465,-62.1942,0
-15.5105,-58.2576,0
-24.0484,-51.7011,0
-26.3944,-49.2291,0
-22.3078,-62.2299,0
 -7.6847,-53.8118,0
-27.4620,-49.4332,0
-24.5754,-48.1341,0
-26.8909,-50.8789,0
-21.8110,-51.4406,0
 -8.6587,-47.0715,0
-25.6741,-51.0315,0
 -4.7073,-56.9274,0
-21.0603,-55.3334,0
 -8.2561,-53.2772,0
 -7.1641,-55.8357,0
-26.9709,-51.2449,0
 27.6518,-61.2655,0
-21.6621,-45.9503,0
-21.1412,-55.2279,0
-26.7178,-51.4690,0
 -3.6576,-43.2724,0
-15.7316,-58.6643,0
-19.9578,-53.7033,0
-26.5994,-51.8952,0
-26.1609,-48.9365,0
-25.5485,-52.2907,0
 -8.6822,-45.5795,0
-25.1146,-54.6471,0
-13.0314,-60.5211,0
-24.3930,-66.1075,0
-25.2894,-48.3912,0
-26.8992,-49.4235,0
-27.6627,-49.2088,0
-22.1977,-44.4105,0
-18.9366,-56.1815,0
-18.4469,-55.7566,0
-24.2692,-65.9144,0
-25.9075,-51.3074,0
-16.2105,-70.1689,0
-23.9296,-61.5143,0
-26.5352,-49.1122,0
-14.5600,-70.9561,0
-10.4138,-55.0200,0
-24.1284,-51.6823,0
  2.1191,-70.8566,0
 -7.6969,-53.6285,0
-20.9482,-55.4911,0
 -4.5903,-50.3335,0
