-15.7161,-70.5979,0
-14.3967,-61.1375,0
-13.7335,-61.5004,0
-24.5378,-51.4189,0
-19.9344,-66.6278,0
 -3.5786,-40.6673,0
 -0.0543,-56.1307,0
 -3.7057,-43.6460,0
-28.2139,-48.5017,0
-21.1781,-46.2798,0
-11.8488,-53.8811,0
  1.3000,-71.0946,0
-22.1904,-51.0155,0
-26.5488,-53.4389,0
-22.6245,-45.9929,0
-25.0213,-47.8883,0
 -7.3626,-66.8102,0
-14.6922,-56.3879,0
-26.2071,-54.4845,0
-20.0079,-55.0730,0
-22.7501,-49.3102,0
-24.0657,-51.2616,0
 -8.7597,-45.8816,0
-21.7974,-44.1557,0
-17.8217,-56.2036,0
 -3.9359,-43.6134,0
 -3.6749,-40.4093,0
  1.6404,-71.1534,0
-21.2306,-46.2353,0
-23.2667,-55.1834,0
-26.6295,-48.6974,0
-14.4250,-58.8414,0
-24.2379,-52.7536,0
 -3.3313,-43.8694,0
 14.2315,-130.9174,0
-10.8411,-64.1899,0
 -8.9681,-53.2938,0
-22.4029,-66.1024,0
-24.4496,-51.3111,0
-15.4720,-56.0510,0
-14.3925,-61.2667,0
-10.6723,-55.0771,0
-25.8581,-51.3645,0
-14.0260,-61.3455,0
-15.9616,-59.6511,0
-26.5217,-54.6856,0
-24.9283,-47.7606,0
-24.3544,-52.4870,0
-27.0221,-53.3518,0
-14.7370,-56.4642,0
-25.2165,-50.7805,0
-19.2792,-55.1899,0
 -7.7514,-54.3284,0
-24.5174,-52.2480,0
 -9.9350,-44.5378,0
-32.2836,-70.4715,0
-23.9792,-46.8596,0
-14.0207,-61.3332,0
-26.3701,-48.7802,0
-22.0575,-55.6700,0
-31.3790,-70.3529,0
-19.8143,-66.9107,0
 -7.4702,-39.2012,0
-25.5254,-47.9308,0
 -2.3828,-48.2184,0
-10.6604,-55.1058,0
 -2.7560,-52.8968,0
-24.6198,-50.0781,0
 -3.6030,-43.6429,0
 -7.6771,-55.4576,0
-19.3602,-55.1691,0
-14.1251,-72.9013,0
-12.6011,-75.0675,0
 -0.9323,-76.5768,0
-17.1451,-68.6964,0
-19.5727,-67.0934,0
-10.9893,-54.1522,0
-16.2001,-59.1436,0
-19.2405,-55.3599,0
 -0.1548,-70.8580,0
-14.4610,-58.8350,0
-11.9975,-53.7723,0
-22.7430,-62.0662,0
 -9.9921,-44.4063,0
-13.9385,-74.1838,0
-16.1989,-58.9208,0
 -7.9776,-53.8360,0
 -4.0983,-45.2309,0
-26.7524,-50.3999,0
-12.7503,-60.8176,0
-21.0911,-46.5036,0
-16.2934,-69.7857,0
-15.7346,-59.7740,0
-19.6272,-54.7041,0
-27.0778,-53.2614,0
-10.1445,-55.0406,0
-22.0509,-44.7969,0
-22.5944,-62.1952,0
 -7.5885,-55.6278,0
-14.6360,-56.3574,0
-11.8980,-53.8264,0
-26.5252,-48.6549,0
-26.6861,-51.6852,0
-26.5925,-53.4339,0
-24.4615,-51.3259,0
 -8.9617,-53.3162,0
-24.5107,-52.2307,0
-14.0506,-60.9673,0
-21.7798,-44.1232,0
-19.1834,-67.9616,0
-16.0035,-56.2364,0
 -7.4776,-56.0770,0
-27.3363,-49.1016,0
-17.7903,-56.1932,0
 14.5800,-130.3689,0
-26.8764,-53.2479,0
-22.7955,-49.2311,0
-14.4254,-58.8351,0
-22.0539,-55.6066,0
-22.9639,-65.8791,0
-22.5781,-48.7357,0
-19.9985,-55.0194,0
 -7.1870,-63.2100,0
-21.3436,-46.1692,0
 -7.7577,-54.1700,0
-26.1790,-54.6565,0
-15.1601,-72.0532,0
-11.8614,-56.0849,0
-22.7693,-62.1029,0
-26.5920,-48.6213,0
-13.4316,-60.5405,0
 -1.7819,-63.7253,0
-24.1654,-52.7663,0
-26.7349,-48.4859,0
-24.5814,-52.4982,0
-24.2261,-51.2213,0
  1.8838,-70.9890,0
-19.5748,-66.8590,0
 -9.4613,-56.5684,0
-26.0598,-56.6704,0
 -8.3655,-63.5632,0
  2.8115,-33.2558,0
-21.2211,-46.2141,0
-26.7056,-53.3342,0
-19.3504,-55.1762,0
 -8.0948,-77.9046,0
-10.8448,-54.3687,0
-11.9746,-53.8015,0
-26.2063,-54.5142,0
-15.9498,-59.6210,0
-15.4780,-56.0162,0
-15.0206,-59.0211,0
-17.6918,-56.3303,0
 -3.4910,-60.2032,0
-25.9377,-49.1035,0
-11.8246,-53.9912,0
-21.4208,-46.1644,0
 -8.2251,-77.8805,0
-24.5103,-52.3167,0
-14.3905,-61.1231,0
 -8.7420,-45.8821,0
 -8.2367,-49.1692,0
-26.8635,-53.2333,0
 -7.7585,-54.2445,0
-26.5097,-48.7941,0
-24.2246,-51.4224,0
 -0.3185,-70.6645,0
 -7.6247,-55.5090,0
 -5.6678,-61.9282,0
-15.6351,-70.6325,0
-14.6008,-58.6739,0
-15.7624,-59.7536,0
-20.3666,-65.4576,0
 -3.7801,-49.4002,0
-24.9449,-50.9212,0
-15.9587,-59.6802,0
-22.4210,-66.1116,0
-22.7698,-62.0622,0
-26.5846,-51.7273,0
 -6.9038,-49.7982,0
-25.7906,-51.5436,0
 -9.9297,-44.4027,0
-16.8024,-68.8638,0
-17.7685,-56.1696,0
-14.4358,-58.8642,0
-26.5238,-53.4043,0
-21.2945,-55.7154,0
-14.3181,-61.2991,0
-11.9181,-53.8113,0
 -8.4247,-64.1471,0
-22.0596,-55.5821,0
 -7.7115,-55.0703,0
-14.6934,-56.3046,0
-24.4535,-51.4976,0
  0.1972,-53.4231,0
-11.8889,-55.9482,0
-14.8096,-56.5681,0
-10.1619,-55.0701,0
-10.0449,-62.9903,0
-17.6480,-56.1257,0
-12.2726,-55.6830,0
 -2.4822,-48.4489,0
 -7.4418,-55.8421,0
-23.0429,-48.7306,0
 -8.4047,-53.9263,0
-15.9326,-70.4273,0
-32.2081,-70.3807,0
-19.2846,-55.2382,0
 -3.4787,-43.8348,0
-11.9884,-58.0664,0
-21.1588,-46.5366,0
-24.9226,-47.7453,0
-12.0065,-61.8653,0
 -7.7377,-54.1643,0
 -8.0283,-53.7775,0
-11.7367,-61.1808,0
-16.9178,-57.0111,0
-17.8222,-56.1620,0
-14.6919,-56.3866,0
-15.8674,-70.1573,0
 -7.0911,-63.4087,0
-19.6530,-67.0356,0
-21.2486,-55.6400,3
-21.2064,-46.2743,0
-16.8630,-57.0750,0
-26.6328,-51.6308,0
-21.8326,-43.9075,0
 -7.8069,-54.1894,0
-11.3716,-53.4680,0
-27.2151,-53.9790,0
-26.5293,-53.4630,0
-17.8225,-56.1623,0
-21.0826,-55.7114,0
-14.2465,-58.8469,0
-14.0952,-60.9217,0
-15.2062,-58.9595,0
-19.3104,-55.3014,0
-22.1862,-51.1429,0
-11.9001,-53.8968,0
-12.0563,-58.1693,0
-14.3958,-61.2147,0
-15.7865,-70.5542,0
-14.4252,-58.8299,0
 -7.4508,-55.7860,0
 -4.9006,-62.6917,0
-22.7273,-47.1353,0
-22.7348,-48.7196,0
-21.4805,-46.3163,0
-14.9754,-59.0933,0
-10.8298,-54.4089,0
-22.4975,-66.0962,0
  0.5204,-71.1183,0
-25.4021,-51.7554,0
-20.0819,-63.5797,0
-16.2001,-59.1432,0
-24.2639,-52.4708,0
-24.2555,-51.2902,0
-21.6592,-46.2338,0
 -9.8711,-52.6818,0
-24.1899,-52.7686,0
-12.0309,-53.7176,0
 -3.6612,-40.3972,0
-22.2688,-50.9967,0
-12.2391,-55.6604,0
-27.3151,-49.1639,0
-26.5788,-53.3111,0
-24.5101,-52.2427,0
 -7.6744,-55.4618,0
-16.5639,-68.7899,0
-22.0766,-66.3832,0
-21.8304,-44.1698,0
-24.5892,-50.0658,0
 -0.2406,-70.8729,0
-22.3933,-66.1233,0
-14.4537,-58.8312,0
-19.0935,-67.2349,0
-25.9042,-50.7400,0
-10.7138,-58.3843,0
 -8.8679,-45.7610,0
-12.2339,-57.1194,0
 -7.7968,-54.4136,0
-12.6465,-60.8782,0
-24.4510,-51.3851,0
-14.6785,-56.2249,0
-19.3600,-55.2335,0
-11.8982,-53.8375,0
-18.0756,-65.9179,0
 -9.3676,-46.8048,0
-21.2283,-46.3605,0
 -7.5247,-55.6314,0
  2.5078,-38.4620,0
-16.1728,-70.0994,0
-27.0133,-53.1897,0
-14.4054,-58.8405,0
-12.4094,-55.7273,0
-13.1126,-42.9658,0
-17.7414,-56.1708,0
-24.1858,-51.2107,0
-26.5363,-48.6942,0
-12.8857,-60.8228,0
-27.2582,-48.9541,0
-24.4758,-50.2689,0
  3.4607,-47.6339,0
-26.2075,-54.4834,0
 -8.3689,-53.8507,0
-21.5523,-66.9606,0
-26.8697,-53.2472,0
-22.5261,-45.8562,0
-21.2172,-46.2423,0
-21.7054,-66.8973,0
 -8.2271,-49.1448,0
-19.3198,-55.1829,0
 -8.9626,-53.3165,0
-13.5945,-60.8007,0
 -8.1034,-53.7005,0
  1.9290,-71.1046,0
 -9.9232,-44.4280,0
-22.7392,-49.2732,0
-23.4155,-65.6653,0
-24.4535,-51.3036,0
-22.5838,-45.9259,0
-13.5167,-41.8228,0
-16.3377,-58.8922,0
-19.3339,-67.0298,0
-20.0076,-55.0951,0
-24.3440,-52.4523,0
-26.5417,-53.4067,0
-19.5376,-66.7814,0
-21.3425,-55.7683,0
-26.7629,-51.6644,0
-26.8217,-53.2547,0
-24.5183,-52.3147,0
-22.7766,-62.0617,0
-22.6447,-66.0634,0
 -8.2475,-53.6884,0
-15.6344,-70.9947,0
-15.7273,-59.8031,0
  1.0962,-52.5314,0
-10.6952,-55.0850,0
  0.2442,-71.0144,0
-21.0760,-46.5460,0
-14.6357,-56.3353,0
 -8.4285,-63.6507,0
 -7.7858,-54.1654,0
-26.6751,-52.4025,0
 -7.4396,-55.8821,0
-11.8777,-53.7187,0
-24.9163,-47.7587,0
-24.1757,-51.4203,0
 -3.6271,-43.6959,0
-14.4667,-58.8339,0
-10.1434,-55.1040,0
-10.6242,-52.7660,0
-19.8082,-53.2386,0
 -7.6680,-55.3965,3
  0.4347,-71.0843,0
 -8.5204,-46.9376,0
  3.3522,-70.5368,0
-17.4247,-69.1993,0
-25.8830,-48.7733,0
 -4.9928,-60.5174,0
-20.3591,-64.0222,0
 -8.2843,-53.8057,0
 -4.2260,-49.1968,0
-10.2282,-54.1364,0
-11.6492,-60.7027,0
  0.6677,-71.2583,0
-25.8492,-50.9298,0
-14.6922,-56.4337,0
-15.3537,-60.9659,0
-12.2622,-55.7250,0
 -0.2569,-70.7766,0
 -8.7672,-45.8723,0
 -3.3621,-43.9783,0
-27.2329,-49.1841,0
-14.3968,-61.2104,0
  0.1615,-70.9783,0
 -7.6595,-55.3258,0
-16.4391,-69.4807,0
-26.6775,-51.2958,0
 -8.6688,-45.9018,0
-19.2236,-55.4467,0
  1.6590,-71.1223,0
-27.3136,-48.8544,0
-25.8060,-51.5481,0
-26.5056,-54.6889,0
-14.6934,-56.2781,0
 -7.4851,-39.2710,0
-26.8963,-53.2620,0
-26.5619,-48.6743,0
-22.4027,-66.0948,0
-19.3477,-55.1788,0
 -4.2942,-49.7624,0
-19.1852,-58.7851,0
-16.0289,-59.6466,0
-22.7689,-62.0839,0
-14.6144,-56.3961,0
 -8.9729,-53.2828,0
 -8.4054,-53.8881,0
-16.8464,-56.7648,0
 -8.6569,-53.8692,0
-21.7444,-44.1481,0
-26.7234,-48.4858,0
-11.8811,-53.8525,0
-26.6405,-53.2979,0
-14.4279,-58.8344,0
-24.9780,-47.9055,0
 -7.4485,-55.7964,0
 -7.0366,-78.5804,0
 -7.5982,-55.6275,0
-24.2322,-51.3069,0
-11.8443,-56.1216,0
 -3.7517,-58.7641,0
 -9.7991,-62.9151,0
-21.2418,-46.5243,0
-12.3553,-55.6694,0
 -2.9822,-52.7811,0
-26.5147,-53.4778,0
-26.6508,-48.6580,0
-14.6918,-56.3876,0
-22.1640,-51.0210,0
-11.9742,-53.8024,0
-21.3428,-55.7936,0
-10.0687,-55.0472,0
 -7.9860,-53.7595,0
-24.6059,-51.7486,0
  3.0157,-69.2364,0
-30.9459,-69.6005,0
 -7.7589,-54.1641,0
 -4.9183,-60.2341,0
-14.4237,-58.9192,0
-16.1995,-59.1509,0
-21.2693,-46.2995,0
-17.8222,-56.1633,0
-20.4971,-63.9135,0
-22.0593,-55.5833,0
-15.4717,-56.0511,0
-11.2308,-60.1910,0
-21.6220,-46.3893,0
 -8.5127,-63.6333,0
 -0.1637,-64.2646,0
-15.0385,-59.0202,0
-26.6885,-66.2956,0
 -4.1058,-45.1828,0
 -9.9159,-44.4637,0
-22.6919,-62.0725,0
