-22.8745,-65.9608,0
  0.9901,-61.2745,0
-24.4972,-50.1991,0
-23.9520,-52.5777,0
-13.0612,-60.5596,0
 14.3311,-130.5388,0
-15.4530,-56.7981,0
 -7.9845,-53.5314,0
 -8.1339,-53.5206,0
-19.8848,-54.7608,0
-26.7795,-53.6382,0
-12.8481,-60.5546,0
-15.9434,-55.9450,0
-10.1577,-43.3955,0
-19.9571,-63.5534,0
 -3.4221,-41.9887,0
 -8.2224,-48.8839,0
-16.7021,-69.8687,0
-26.2677,-54.9261,0
-11.5621,-55.9727,0
-18.4841,-55.8185,0
-27.5258,-49.3481,0
-13.3297,-60.5073,0
-15.8613,-70.6490,0
-20.8202,-52.4887,0
-24.4242,-52.3211,0
-11.9105,-57.9611,0
-19.6917,-64.3970,0
-10.1029,-42.2907,0
-24.0450,-52.6144,0
-22.2411,-66.4315,0
-24.5745,-48.1333,0
-21.3812,-52.2875,0
-12.0486,-55.6109,0
 -6.9675,-66.2399,0
 -7.5647,-39.0662,0
 -2.8650,-45.0633,0
-15.7372,-58.6221,0
-31.6859,-70.4236,0
-22.3734,-62.1941,0
 -8.2520,-53.5097,0
-24.5751,-50.2602,0
-25.0944,-52.2608,0
-12.1526,-55.3002,0
-12.9533,-53.8418,0
-21.3769,-46.2058,0
 -4.7353,-57.1156,0
-11.5468,-56.4620,0
-26.9316,-51.1480,0
 -1.2067,-62.9828,0
 -7.4450,-55.8428,0
-13.8676,-59.1111,0
-16.7022,-56.8182,0
-27.2564,-49.5139,0
-11.7925,-55.7370,0
-25.3709,-48.3536,0
 -9.9855,-44.0223,0
-15.9365,-55.9955,0
 -3.8041,-44.5430,0
-26.5384,-51.8334,0
-13.0490,-58.5586,0
 -4.2414,-44.8498,0
-16.4849,-69.4175,0
 -6.3781,-62.1294,0
 -8.1332,-53.3559,0
-18.4248,-55.8277,0
-23.0563,-55.2280,0
-25.2187,-48.1264,0
-18.2839,-66.4303,0
-27.4569,-49.1956,0
 -3.2868,-43.5905,0
-15.8602,-55.9221,0
 -7.6165,-53.8663,0
-26.1727,-54.9434,0
 -7.7234,-51.5943,0
-10.8501,-54.0309,0
-12.0972,-55.6792,0
 -1.2221,-51.0290,0
-25.9191,-48.9642,0
 -0.9426,-72.9006,0
 13.9226,-127.3494,0
-21.0782,-46.4254,0
-14.5698,-56.3099,0
-16.6398,-60.8621,0
 -7.6918,-53.3952,0
-23.0734,-55.3122,0
-14.2162,-60.6085,0
 -8.9323,-46.4860,0
 -7.3712,-55.8813,0
-24.1255,-51.7733,0
-25.6544,-51.5814,0
-25.6424,-52.0030,0
-15.8704,-70.6246,0
-12.7343,-60.7053,0
-13.0253,-60.6185,0
-24.9853,-47.9232,0
-16.7051,-56.7631,0
-27.3055,-49.4744,0
-21.0196,-55.4233,0
-26.9720,-54.0109,0
-14.1889,-59.1143,0
-10.9321,-58.4198,0
 -9.0198,-63.4925,0
-26.5416,-52.6771,0
-27.6275,-49.1484,0
-19.8527,-54.8331,0
-25.8350,-48.9406,0
 -3.6703,-62.8784,0
-15.3136,-59.5632,0
-24.0228,-52.5890,0
 -5.5668,-62.5390,0
-27.6422,-48.8478,0
-20.8172,-63.4365,0
-22.4472,-66.2541,0
-15.9168,-55.9636,0
 -6.7977,-45.0124,0
-21.4250,-52.2359,0
-19.0889,-67.8366,0
-14.5785,-72.7176,0
-26.5918,-51.7745,0
-25.7036,-51.0177,0
-23.2229,-63.2395,0
-26.5033,-52.6291,0
 -3.8440,-59.5944,0
-18.5723,-55.8064,0
 -8.7328,-63.3988,0
-23.2248,-65.9683,0
-16.7026,-56.9186,0
-22.2226,-44.4038,0
 -2.4477,-47.8670,0
 -3.6576,-43.3232,0
-15.9495,-60.1311,0
  1.9806,-70.8273,0
-24.0188,-52.6200,0
-15.7994,-58.7350,0
-10.4302,-55.0609,0
-12.8873,-53.7923,0
-24.3629,-51.8085,0
-19.2806,-55.0205,0
 -8.1499,-53.6181,0
-11.7792,-76.2236,0
-26.4914,-52.8001,0
-15.8158,-58.6352,0
-24.1455,-51.8696,0
-11.9092,-53.6226,0
-24.5765,-50.2554,0
-25.7196,-52.0305,0
 -2.6525,-67.1785,0
-21.3863,-52.2863,0
  6.0094,-75.6548,0
-26.1607,-48.9466,0
 -3.1997,-59.7859,0
 -8.2100,-53.5076,0
-24.8201,-52.4491,0
 -9.9585,-53.7626,0
-11.5951,-53.5906,0
-25.4078,-48.1661,0
-20.8084,-55.4653,0
-11.7470,-53.6939,0
-15.9387,-55.9124,0
-17.0324,-68.8560,0
-18.4845,-55.8541,0
 -4.1255,-44.9275,0
-20.9452,-66.2657,0
-22.2981,-62.3669,0
 -8.7309,-53.4087,0
-24.0198,-52.5832,0
 -7.6992,-53.8774,0
-12.3363,-55.2952,0
-15.0988,-60.0624,0
-26.4783,-49.1123,0
  0.6707,-70.7919,0
-13.7886,-60.4830,0
 -4.7653,-62.7867,0
-19.8491,-54.8429,0
-19.0893,-67.2780,0
-24.2148,-51.7298,0
 28.3733,-59.0402,0
 -7.1932,-55.8430,0
-17.4997,-69.1571,0
  1.0653,-52.2213,0
-15.3336,-59.8359,0
-25.5357,-48.3050,0
-11.9359,-52.5328,0
-26.5253,-51.8538,0
 -0.6411,-75.7800,0
-18.4695,-55.9055,0
-10.7974,-54.0135,0
-25.1889,-51.0689,0
 -5.4525,-56.8148,0
-23.0255,-55.2593,0
-11.5701,-55.9731,0
-21.2071,-55.2438,0
-10.1045,-42.2661,0
-21.7622,-45.4675,0
-18.4448,-55.7977,0
-13.0930,-60.6162,0
-24.4722,-50.1728,0
 -8.3466,-49.3697,0
 -3.8140,-43.4137,0
-22.5825,-46.1210,0
-21.9597,-44.0687,0
  0.5942,-76.4058,0
-16.8448,-69.7121,0
-15.9185,-56.0044,0
-17.5907,-69.1239,0
-20.9713,-55.4976,0
 -0.8111,-76.2827,0
-15.8705,-59.5537,0
-11.9749,-53.6067,0
-18.8416,-68.3121,0
-10.2999,-77.3020,0
-27.6797,-49.1842,0
 -4.5504,-50.4010,0
-15.9599,-55.9929,0
-12.0250,-55.6865,0
-26.0006,-48.9238,0
-16.7576,-56.7824,0
-26.5911,-51.7212,0
-24.0268,-52.5279,0
-24.3849,-53.6321,0
-19.2799,-55.0532,0
-21.1398,-65.6298,0
  0.7993,-70.6568,0
-12.5871,-58.9126,0
 -8.2266,-48.8249,0
-13.0886,-60.5409,0
-15.4602,-58.4186,0
-22.9970,-55.3229,0
-22.3558,-62.2100,0
  2.5804,-70.3388,0
-12.7612,-60.6959,0
-26.5005,-66.5777,0
-25.6059,-52.0857,0
-17.3623,-69.4123,0
-10.7559,-54.0895,0
  0.1728,-70.7886,0
-13.7630,-61.4977,0
-14.6820,-56.2607,0
 -1.6481,-31.9028,0
-27.5453,-49.2720,0
  0.5171,-70.6837,0
-26.4247,-49.0390,0
-21.0518,-55.4100,0
-15.4569,-56.7979,0
-27.1286,-49.5769,0
-18.5329,-55.8797,0
 -7.7537,-53.8255,0
-26.8496,-53.6880,0
-26.5894,-52.1830,0
-24.4300,-52.3259,0
-15.4976,-56.7345,0
-26.5287,-51.7626,0
-15.8607,-55.9233,0
-13.2601,-60.5196,0
-12.7217,-60.6423,0
-21.3910,-52.2866,0
 -8.9718,-46.3359,0
-15.4120,-71.3470,0
-23.3723,-66.0168,0
-12.8855,-53.8454,0
-17.9807,-55.8983,0
-25.1112,-48.0655,0
-22.4726,-62.2562,0
-10.4522,-54.9398,0
 -6.9855,-62.1850,0
-15.9374,-55.9807,0
-22.2183,-66.3877,0
-23.0734,-55.3137,0
-17.4993,-69.2098,0
-15.4966,-56.7547,0
-22.0737,-44.2743,0
-28.3583,-49.0584,0
-25.3911,-48.2630,0
-27.6341,-48.9905,0
 -8.3576,-53.5764,0
 -8.8370,-45.6088,0
-25.8300,-51.0551,0
-17.4986,-69.3742,0
-14.9377,-72.1791,0
-25.6544,-51.5831,0
-19.9730,-66.6770,0
-15.6331,-70.9847,0
-24.0192,-52.5969,0
 -8.8749,-56.5008,0
  3.4172,-69.4318,0
-19.8125,-66.6879,0
 -7.6840,-53.9190,0
  1.0339,-70.7535,0
-26.3980,-49.1380,0
-11.4943,-61.2939,0
-16.1724,-70.1968,0
 -3.6571,-43.3485,0
  1.1213,-52.0240,0
-22.5128,-46.1450,0
-10.5190,-54.9041,0
-24.0091,-52.5505,0
-26.6222,-52.5400,0
 -8.2227,-53.4700,0
 -3.2642,-45.2374,0
-15.4562,-56.8589,0
-11.9373,-57.9802,0
-20.8920,-63.8786,0
-13.0348,-60.5996,0
-14.6313,-72.7091,0
-13.4085,-74.3623,0
 -4.2482,-44.7443,0
-17.6857,-69.2129,0
-21.5650,-46.1406,0
-22.4608,-62.4131,0
-15.3998,-59.7724,0
-19.8068,-53.5583,0
-18.4628,-55.8840,0
-23.9711,-51.6311,0
 -4.5471,-50.4008,0
 -8.1339,-53.5840,0
 -8.1069,-63.4314,0
-23.0184,-65.9662,0
 -7.5296,-54.6896,0
-26.5255,-49.1081,0
-24.9698,-52.4607,0
-10.4422,-55.0021,0
-21.5484,-45.1787,0
-15.9376,-55.9371,0
-19.8474,-54.8763,0
-16.7065,-56.8780,0
 -3.3587,-43.6222,0
 -7.8195,-53.7735,0
 -5.2205,-59.7645,0
-26.6017,-51.7868,0
-14.6313,-73.6642,0
-21.3877,-52.2946,0
-19.5696,-66.9395,0
-22.5128,-62.1515,0
  0.8428,-70.5586,0
-19.2795,-55.0278,0
 13.8874,-127.3185,0
 -4.6588,-56.9647,0
-16.7445,-56.7219,0
-15.4826,-70.2296,0
 -8.6568,-53.5587,0
-24.0241,-52.6469,0
-16.3274,-69.9526,0
-11.8166,-53.5644,0
 -3.3231,-61.3517,0
-22.2848,-62.4224,0
-14.7687,-56.1854,0
-18.4607,-55.8536,0
 -6.8081,-45.0432,0
-26.5250,-51.8251,0
 -3.2890,-41.7327,0
-21.0678,-55.3774,0
-11.1173,-62.9760,0
-25.1483,-54.6208,0
-25.0991,-47.9683,0
-24.1312,-66.2547,0
 -0.6288,-69.5734,0
-25.6138,-48.3452,0
-27.6246,-49.1859,0
-21.3624,-52.2486,0
-12.1845,-55.1619,0
-22.8481,-66.3160,0
-21.9632,-44.1333,0
-16.6764,-62.4665,0
  1.1482,-70.9950,0
-13.0551,-58.6044,0
-26.7332,-50.7406,0
 -7.3725,-55.5623,0
-25.6686,-51.9941,0
-15.9259,-55.9295,0
 -6.9867,-54.3770,0
-14.1620,-60.5110,0
-12.7201,-60.6750,0
  0.9393,-71.1117,0
-23.2926,-66.0225,0
-10.7691,-54.1115,0
-24.8208,-48.0751,0
-12.9625,-53.8034,0
  0.7320,-76.3585,0
-14.9383,-70.9767,0
-23.2316,-65.9467,0
-25.1247,-51.1734,0
 -7.2109,-55.8809,0
-24.0281,-52.5841,0
-20.9128,-55.4615,0
 -9.1027,-46.5266,0
 -8.7984,-45.5311,0
-18.5094,-55.8895,0
-19.8585,-54.7915,0
-12.1406,-60.5477,0
-26.5815,-52.3713,0
-24.3302,-51.8739,0
-21.5366,-45.1197,0
-12.2028,-55.3280,0
-27.3805,-49.4997,0
-14.9384,-71.0518,0
-23.0436,-55.2310,0
-24.1249,-51.7771,0
-16.0011,-55.9598,0
 -4.7681,-57.1088,0
-19.6494,-66.9504,0
 -1.0752,-76.2876,0
-14.7685,-56.2204,0
-16.7045,-56.7542,0
-26.5135,-52.6264,0
-26.0429,-48.9445,0
-32.2037,-70.3983,0
-26.9221,-51.1314,0
 -5.1080,-50.3713,0
 -7.6885,-51.6628,0
-12.0991,-55.6204,0
 -7.8308,-54.0228,0
-27.3963,-49.5077,0
 -7.9447,-38.5455,0
-26.5897,-51.8997,0
-12.9385,-53.7819,0
-18.4512,-55.7895,0
-11.4927,-61.3095,0
-14.9284,-72.2008,0
-24.4337,-66.0755,0
 -4.1359,-44.9113,0
-10.0564,-53.8075,0
-25.9306,-51.2372,0
-15.6272,-58.2830,0
 -7.7106,-53.8728,0
-12.9275,-58.4984,0
-18.5384,-55.9805,0
-23.9426,-52.6284,0
-26.1805,-54.9277,0
 -8.2365,-53.5132,0
-21.3886,-52.2866,0
-19.9813,-66.6199,0
-26.9759,-49.2469,0
-26.6042,-51.6792,0
-22.5128,-45.9427,0
-12.7204,-60.7200,0
-18.5288,-55.8134,0
-21.2662,-46.3384,0
-21.1387,-55.2337,0
 -1.5070,-67.2104,0
-16.2510,-69.8943,0
