 -3.8913,-44.2559,0
-10.3640,-54.8070,0
-11.9291,-56.8796,0
-12.0245,-55.1984,0
-15.2523,-59.8361,0
-18.2433,-55.9944,0
-20.9002,-55.2895,0
-26.4093,-52.2135,0
 -7.2844,-40.2529,0
-26.6769,-53.9218,0
-15.6592,-55.2866,0
-25.5724,-52.4773,0
-25.8424,-48.6688,0
-22.6615,-63.3943,0
-25.8547,-51.1595,0
-22.7132,-53.9679,0
-15.4212,-70.8345,0
-10.3649,-54.9312,0
 -8.1965,-53.2519,0
 -7.5282,-54.3433,0
 -3.7252,-43.1934,0
 -5.3989,-56.5594,0
-14.6436,-72.3098,0
-27.4286,-49.6524,0
-11.9430,-55.6200,0
-25.2912,-48.2614,0
-22.9332,-66.3398,0
-25.4457,-48.4438,0
-20.2437,-63.7160,0
-15.3741,-56.8851,0
-23.3454,-49.3940,0
 -4.7763,-59.6711,0
-21.8303,-46.0364,0
-11.3950,-53.2226,0
-15.3006,-58.2905,0
-26.8287,-49.4259,0
-26.4199,-52.5762,0
-23.1689,-66.0976,0
-15.7019,-55.8202,0
-24.1353,-51.8642,0
-12.1592,-75.4883,0
-14.6932,-56.1476,0
-11.5562,-56.5484,0
-24.0068,-66.3406,0
 -8.6570,-46.9797,0
-18.0900,-56.1285,0
-22.1315,-62.3899,0
-27.5439,-49.2186,0
 -8.4221,-53.2967,0
-25.2123,-48.2206,0
-31.6766,-69.7245,0
-20.9347,-55.1414,0
-19.8730,-53.7279,0
 -7.0831,-55.4424,0
-16.3668,-69.6659,0
-27.9789,-49.3453,0
-15.2978,-56.8121,0
-21.8676,-51.1142,0
 -3.0453,-45.8469,0
-26.6772,-53.9216,0
-12.4568,-62.4858,0
-22.5343,-66.5820,0
-17.5395,-69.3646,0
-22.2474,-44.5688,0
-14.5762,-58.9211,0
-12.0240,-55.2578,0
-11.8203,-53.5548,0
-25.9929,-48.9858,0
-20.6971,-55.6210,0
 -3.0861,-59.7146,0
-25.5034,-48.4064,0
 -4.5257,-50.0665,0
-15.9321,-60.5749,0
-14.7303,-58.5717,0
-17.9189,-55.5688,0
 -7.6788,-53.7018,0
-24.9757,-52.4906,0
-13.4267,-42.0399,0
-22.6395,-53.9897,0
-24.2733,-52.0150,0
-25.5199,-48.5312,0
 -8.2345,-53.1296,0
-23.9528,-51.7237,0
 -8.0603,-52.9196,0
 -3.5955,-61.5278,0
-20.6087,-55.5710,0
-26.7544,-53.9033,0
-22.3295,-66.3545,0
-21.7168,-65.2179,0
-23.9363,-52.6280,0
-12.1402,-55.1869,0
-11.7926,-55.5732,0
-15.1205,-70.3452,0
 -8.9090,-45.4768,0
 -7.4236,-54.9154,0
-26.0881,-55.2124,0
-18.9317,-56.1495,0
 -3.9462,-44.2614,0
-12.0495,-55.4492,0
-24.0926,-66.2635,0
-12.6532,-42.2411,0
  0.9649,-70.6068,0
 -8.8422,-45.2998,0
-19.7545,-53.8394,0
-25.4527,-48.2912,0
-18.0572,-56.0493,0
-25.6579,-51.9074,0
  1.0188,-52.1832,0
-27.4846,-49.0268,0
-26.4837,-49.2462,0
  2.5851,-70.3775,0
 -7.6992,-53.5055,0
 -8.1347,-53.2908,0
-15.4053,-56.7715,0
-20.6796,-55.5327,0
-25.6935,-48.6551,0
 -8.1835,-48.7257,0
-13.2414,-61.3951,0
 -4.7005,-58.2306,0
-26.1607,-49.1450,0
-26.4199,-52.5992,0
-21.7518,-46.0780,0
-25.2906,-48.3017,0
-19.8028,-53.7306,0
 -7.1695,-62.1186,0
-11.8977,-57.3520,0
-16.6436,-56.8273,0
 -5.4410,-56.8840,0
-10.1666,-58.0815,0
-15.1668,-58.2484,0
-21.7755,-51.4649,0
-21.0566,-55.2426,0
-18.4359,-55.8247,0
-11.7986,-55.6686,0
 -8.2846,-53.2517,0
 -2.9113,-43.0547,0
-13.6972,-60.4632,0
-26.7506,-53.9235,0
-14.8599,-70.9037,0
-14.1678,-60.5390,0
 -7.1925,-55.8046,0
-21.7374,-45.9587,0
-24.1940,-52.0334,0
-20.9724,-55.3428,0
-15.5888,-58.5476,0
-22.9041,-55.3172,0
-23.2115,-48.4501,0
-13.1005,-60.4571,0
-26.8614,-49.4522,0
 -9.0145,-62.9153,0
 -8.7331,-53.2854,0
-22.6939,-49.7823,0
 -3.0405,-45.6783,0
 -5.0724,-57.1006,0
-15.7504,-55.9041,0
-26.4420,-52.5052,0
-18.0929,-56.1544,0
 -3.3225,-41.5753,0
 -9.3258,-62.9200,0
-11.8556,-56.9125,0
-25.4479,-48.4228,0
-27.6170,-49.1729,0
-15.3324,-56.8897,0
-26.5769,-52.4664,0
-25.2063,-48.4031,0
-22.0845,-62.5203,0
-15.4311,-58.2592,0
-11.8177,-55.6255,0
-22.5884,-46.1812,0
 -9.6551,-55.7285,0
-20.7268,-55.3845,0
-25.2136,-48.2201,0
  0.7935,-70.4289,0
-22.6552,-53.9863,0
 -7.4838,-54.9929,0
-25.1991,-50.9913,0
-21.5880,-46.2068,0
  1.6876,-70.7510,0
-15.1933,-59.8398,0
-12.1010,-55.2724,0
-21.8870,-63.6239,3
-23.7719,-52.8579,0
 -5.4585,-56.6174,0
-23.9156,-52.3913,0
-25.7655,-48.6009,0
-10.8292,-54.0827,0
-26.3102,-49.2539,0
-23.9896,-51.9481,0
-27.3761,-49.5881,0
 -9.0168,-52.4640,0
 -5.0557,-62.6124,0
-27.5858,-49.6884,0
-18.4470,-66.3889,0
  0.6802,-70.4647,0
-26.5875,-52.1837,0
-11.6871,-53.6765,0
-12.1090,-55.1899,0
 -3.4824,-48.6755,0
 -4.7200,-53.2228,0
-19.8749,-53.7179,0
-11.8667,-55.7835,0
-11.9956,-60.3309,0
-12.5431,-75.5813,0
-20.7265,-55.4944,0
 -1.9399,-48.6108,0
 -9.8977,-50.3145,0
 -7.7012,-53.6023,0
-24.8498,-51.5288,0
-22.4718,-66.3343,0
-21.8400,-63.8182,3
-21.0199,-55.3169,0
-27.8336,-49.3490,0
-25.0325,-48.0085,0
-26.5235,-49.2816,0
-16.3263,-69.8768,0
-19.7766,-66.6942,0
 -9.7601,-55.6079,0
-15.7318,-58.4506,0
 -7.7051,-51.4612,0
 -6.9649,-62.1007,0
-21.9855,-63.9322,0
-18.0678,-56.0481,0
-25.3505,-48.3499,0
-26.4709,-49.2655,0
-20.3254,-63.7831,0
-22.2594,-44.5655,0
-21.2971,-65.7323,0
-20.6414,-55.5706,0
-10.3455,-58.0500,0
 -7.4350,-54.9770,0
 -8.9059,-45.5329,0
 -9.6344,-77.6264,0
-23.2235,-66.0582,0
-11.5464,-43.1881,0
-15.2982,-56.8941,0
-22.8865,-55.2617,0
-15.6991,-55.7752,0
 -7.2216,-55.8116,0
-25.9990,-55.2352,0
-26.4220,-52.5694,0
-16.0162,-55.8393,0
 -4.5918,-49.5931,0
 -5.3694,-61.2040,0
  0.9143,-71.0400,0
 -8.2188,-48.7491,0
-27.4308,-49.6583,0
 -5.5230,-56.5539,0
 -4.7186,-58.2845,0
-22.9828,-65.9698,0
-10.0779,-53.8885,0
-10.8294,-54.0834,0
 -8.2546,-44.5213,0
-20.9728,-55.3561,0
-19.7275,-67.0008,0
  0.3824,-70.5850,0
 -9.1415,-62.8569,0
-25.0218,-51.1944,0
-21.0500,-55.2445,0
-25.2132,-48.2385,0
-14.6913,-56.1449,0
-15.2928,-56.8120,0
 -7.6850,-53.6009,0
 -8.5480,-53.2916,0
-25.6259,-48.3927,0
 -9.9401,-53.7436,0
-20.2972,-53.0815,0
-20.5375,-66.3265,0
-18.8816,-56.1828,0
 -8.2441,-53.1959,0
-14.1683,-60.5300,0
-22.1401,-62.4693,0
-11.7390,-55.6797,0
-20.7331,-55.4784,0
-25.3735,-48.2648,0
-14.6300,-71.4361,0
 -2.6089,-47.2549,0
-12.1021,-55.1916,0
 -8.3468,-53.3527,0
 -7.5361,-54.3435,0
-25.2114,-48.2759,0
-26.5838,-52.2790,0
-24.8437,-51.6943,0
-18.4777,-55.8361,0
-26.4317,-52.6133,0
-13.8137,-59.1075,0
-26.8298,-51.0835,0
-15.3677,-58.2138,0
  1.0416,-70.7398,0
-27.3282,-50.0379,0
-22.3508,-62.1714,0
 -8.6837,-45.5059,0
-25.8261,-51.4386,0
 -4.7686,-59.5912,0
 -7.2250,-55.4154,0
-21.5623,-46.1236,0
 -7.5389,-54.2622,0
-12.3801,-55.2470,0
  0.2041,-70.5216,0
-21.7727,-45.9956,0
 -8.6582,-46.9788,0
-26.8461,-49.4012,0
-11.9296,-58.8898,0
-26.4727,-49.2072,0
 -8.6637,-53.3954,0
 -7.0352,-62.1567,0
-26.4761,-52.5375,0
-24.5266,-52.2313,0
-15.2371,-59.7752,0
-12.1007,-55.2734,0
-31.6885,-69.6866,0
-12.9697,-53.6747,0
-13.1682,-60.4171,0
-15.3089,-56.9061,0
 -8.3111,-44.4201,0
-15.6765,-58.4775,0
-23.2568,-66.0403,0
-13.6995,-61.4290,0
-19.8744,-53.7191,0
 -7.2469,-40.2326,0
-25.9937,-48.9869,0
-11.0155,-58.4526,0
 -2.9979,-45.8734,0
-20.9786,-55.3203,0
 -5.4779,-56.2883,3
 28.3254,-59.5057,0
 -8.6270,-46.5454,0
-24.2377,-53.7846,0
-15.6272,-71.0486,0
-11.8891,-60.3911,0
-15.3625,-56.8054,0
 -7.4587,-55.0500,0
-21.0566,-55.2434,0
-22.5490,-66.2482,0
-25.0540,-52.5647,0
 -2.9767,-47.0122,0
-11.8131,-55.6335,0
 -2.9861,-43.1034,0
-12.9483,-60.4931,0
 -8.1834,-48.7378,0
-16.4718,-69.4232,0
-24.4928,-50.2892,0
 -0.7114,-76.3785,0
-25.8256,-51.2586,0
-31.6426,-69.7222,0
 -5.4799,-56.2638,0
-27.6879,-49.1494,0
-27.9124,-49.4156,0
-25.4478,-48.4167,0
 -3.3772,-61.2305,0
-24.9909,-52.4491,0
-15.2954,-58.2761,0
-23.7712,-52.8588,0
-18.2798,-56.0477,0
-20.2173,-53.0460,0
-19.7885,-53.9040,0
-21.6984,-46.0933,0
-27.5093,-49.5024,0
-15.0004,-61.5616,0
-18.0555,-56.1338,0
  2.5004,-64.7444,0
 -9.6331,-55.6590,0
-18.2183,-55.9433,0
-23.2136,-66.1123,0
-21.4777,-46.3871,0
-22.3601,-45.9928,0
-20.6981,-55.5634,0
-15.1652,-71.4909,0
-20.9283,-64.2138,0
-26.4301,-52.3178,0
-22.2584,-44.5659,0
 -7.7202,-53.6343,0
-14.8527,-60.2703,0
-12.8082,-53.7972,0
-12.0256,-55.1985,0
-26.7548,-53.9037,0
-25.8425,-48.6959,0
-10.2920,-54.9520,0
-11.8008,-55.6275,0
-25.0295,-51.2576,0
-26.4348,-52.5420,0
  0.9866,-71.0398,0
 -7.4933,-54.4268,0
 -7.0930,-55.6325,0
 -8.2325,-53.2947,0
-25.2215,-48.0786,0
-23.9510,-51.6560,0
-23.1702,-66.0754,0
-22.4868,-44.7450,0
-14.0528,-60.6308,0
 -4.9450,-50.4676,0
-20.9926,-55.3432,0
-11.9278,-56.8940,0
-14.5655,-58.8411,0
-24.2003,-62.8121,0
-24.4905,-52.3414,0
-26.8317,-50.9996,0
-24.7713,-51.5976,0
-19.8282,-46.9070,0
-15.3230,-56.8445,0
 -4.0977,-44.7338,0
 -9.1874,-56.1807,0
 -7.2211,-55.7977,0
 -7.4498,-54.9953,0
-12.1223,-55.1876,0
-14.3292,-60.4852,0
 -7.1415,-55.0792,0
-18.8908,-56.0943,0
-25.3533,-48.3740,0
-25.6204,-52.2195,0
-12.8850,-53.7642,0
-11.5628,-38.8501,0
 -9.6894,-56.0953,0
-20.6643,-65.6243,0
-19.9028,-53.7230,0
-27.5091,-49.5233,0
 -5.8443,-56.3730,0
-24.9917,-48.0048,0
-20.5520,-63.8401,0
-22.7343,-53.8801,0
-23.9755,-52.4518,0
-11.8160,-53.5849,0
  1.3856,-70.7492,0
-27.1757,-49.6955,0
-15.6617,-58.3964,0
-27.5511,-49.0819,0
  0.4449,-76.2733,0
-20.9708,-55.3434,0
 -9.2519,-62.8685,0
-21.6624,-45.8974,0
-26.7552,-53.9031,0
 -8.6127,-63.1705,0
-22.0623,-62.5249,0
 -4.5146,-50.0637,0
-26.4727,-49.2060,0
-27.4470,-49.2372,0
 -8.0628,-52.9286,0
-18.0578,-56.0491,0
 -2.8733,-43.1582,0
-24.4057,-50.4248,0
-23.2487,-66.0275,0
-13.1000,-60.5227,0
-20.7345,-55.4736,0
 -4.7700,-59.6711,0
