-30.5324,-60.6379,0
-13.0374,-53.7557,0
-30.2451,-59.3310,0
-12.6691,-54.5533,0
-33.8263,-46.6192,0
-22.8937,-48.4966,0
-14.1093,-53.9697,0
 -7.3162,-61.2605,0
-18.0742,-54.4191,0
-30.5368,-60.3627,0
 -9.2936,-55.3407,0
 -9.1869,-53.7903,0
 -9.9565,-53.1417,0
-30.8983,-58.5699,0
-28.3855,-68.2419,0
-32.2767,-48.8910,0
-29.9868,-60.5540,0
-12.3285,-55.2233,0
-11.8295,-55.7130,0
-28.9848,-62.7489,0
-10.1259,-77.0929,0
-12.0923,-55.2707,0
-29.3450,-53.4516,0
-31.1949,-60.1353,0
 -9.7314,-54.7612,0
-11.6311,-56.3341,0
 -7.8429,-64.3751,0
-11.3270,-56.4750,0
-27.9806,-66.4224,0
-29.6301,-61.5884,0
 -9.9356,-53.5116,0
-29.1078,-52.7807,0
 -0.3725,-77.1668,0
 -9.7033,-53.7222,0
 -7.5822,-55.5378,0
-11.7465,-56.0588,0
-10.0087,-53.2454,0
-29.8823,-51.8553,0
-27.4653,-49.2374,0
 -8.3057,-52.6746,0
-11.8771,-55.6094,0
 -3.7589,-44.8606,0
 -7.5587,-38.4560,0
-11.9271,-55.7693,0
-30.3140,-59.3101,0
-29.6370,-61.7516,0
-24.1138,-52.0100,0
-26.3164,-53.6307,0
-30.1749,-58.9809,0
-28.8425,-54.0237,0
-29.3492,-52.8751,0
 -3.0937,-54.6998,0
-16.7312,-69.5432,0
-29.7927,-49.8222,0
-31.1580,-49.9347,0
 -3.7942,-45.0849,0
 -4.7806,-42.5336,0
-13.0788,-51.6892,0
-27.5771,-54.4332,0
-30.7352,-60.4157,0
-18.0388,-68.5428,0
-27.1661,-64.6311,0
-28.9419,-53.3843,0
 -9.7833,-53.5755,0
-23.4633,-55.3545,0
 40.6966,-56.3123,0
-14.8475,-69.6090,0
-30.3637,-60.8424,0
-30.2026,-60.1188,0
 -2.3181,-45.6592,0
-30.4553,-60.3989,0
-30.3659,-59.1364,0
-30.1564,-61.0779,0
-29.7725,-61.6625,0
-14.1544,-53.9490,0
 -7.7879,-59.5418,0
-18.3655,-53.1871,0
 -9.8797,-52.6745,0
-30.0359,-51.6054,0
-29.7932,-58.9579,0
-28.4575,-65.9596,0
-13.6525,-54.5060,0
-30.1133,-59.0034,0
-14.4165,-55.4930,0
 -5.1789,-40.5329,0
-27.9031,-66.4538,0
 -9.8826,-54.1007,0
-29.9205,-59.4121,0
 -8.3646,-52.6189,0
-22.1537,-48.6793,0
-27.0670,-66.7211,0
-21.7115,-49.0827,0
-11.8294,-55.6333,0
-11.0885,-56.5771,0
-29.4440,-49.7045,0
-10.3173,-57.5324,0
 -9.8391,-53.4942,0
 -8.2887,-52.7312,0
 -1.5478,-49.6259,0
-33.1469,-48.2907,3
 -5.9503,-59.6459,0
-28.6871,-54.0000,0
-32.6009,-48.7401,0
 -6.7344,-37.3397,0
-14.8634,-60.1284,0
-29.1636,-55.2749,0
-12.2361,-55.3958,0
-33.2288,-48.3209,0
-22.3948,-46.3929,0
 -7.9234,-55.8711,0
-29.0453,-63.1361,0
-34.2549,-46.8960,3
-27.9952,-51.7961,0
-26.0946,-65.5059,0
 -8.2254,-60.7441,0
-15.0694,-61.4322,0
-29.9481,-51.8086,0
-13.0374,-53.7622,0
 -9.7315,-57.0494,0
-29.6278,-61.6865,0
-29.9705,-60.6463,0
-28.5607,-54.0981,0
-30.0827,-59.5539,0
-14.4457,-55.2583,0
 -9.2854,-53.3513,0
-30.0034,-61.4479,0
-18.0930,-54.3463,0
 -4.1622,-43.3339,0
-30.6132,-60.5167,0
-12.1255,-75.4813,0
-30.1920,-51.0933,0
 -4.5552,-43.2078,0
-29.3580,-55.0709,0
-26.6377,-64.5227,0
-22.4446,-50.2664,0
-17.6805,-60.9875,0
 -6.1836,-38.7406,0
-30.3509,-60.4941,0
-29.0939,-53.3809,0
-11.9286,-55.6316,0
-21.7303,-50.6862,0
-29.6306,-61.5787,0
-23.4057,-55.2255,0
-30.6938,-60.5143,0
 -5.6279,-59.4803,0
 -4.4801,-43.2159,0
 -5.3379,-39.7525,0
 -4.0502,-43.6566,0
 -8.1801,-52.7483,0
-22.5968,-50.3152,0
-29.5727,-57.3730,0
-23.8809,-65.3911,0
-26.9056,-49.7909,0
 -2.8750,-45.9203,0
-29.8637,-51.9312,0
-14.3453,-54.3596,0
 -8.1837,-56.1438,0
-31.5957,-49.6725,0
-29.0986,-55.4547,0
-13.0603,-52.4426,0
-27.0127,-53.5547,0
-23.0561,-48.3650,0
 -1.4811,-46.4494,0
-31.8833,-49.4768,0
-30.1396,-60.5295,0
-31.1062,-58.8489,0
-30.2488,-50.9238,0
-29.9416,-59.4070,0
-30.6379,-59.6293,0
-30.9578,-50.5808,0
 -9.8706,-53.4171,0
-34.3887,-47.0008,0
-30.1208,-51.4704,0
-33.1866,-47.8165,0
 -8.3659,-52.5647,0
-29.3752,-63.0253,0
-12.6447,-54.4693,0
-14.4740,-55.2687,0
-21.9656,-51.1438,0
 -9.1749,-52.8731,0
-20.9678,-49.6619,0
-26.6355,-64.6920,0
-29.9692,-61.1841,0
-29.5118,-57.2950,0
-30.5385,-60.3917,0
-19.1101,-66.3108,0
-11.3279,-56.4417,0
-29.4721,-61.6236,0
-20.7409,-54.9403,0
-27.0796,-49.2868,0
-28.8593,-53.3630,0
-23.3796,-55.4662,0
-33.8957,-46.4950,0
-14.3948,-54.3375,0
-29.7000,-61.8795,0
 -2.6927,-63.6842,0
-11.8555,-55.6135,0
-29.9665,-60.8265,0
-31.1675,-58.0220,0
 41.3192,-56.9061,0
-18.0898,-54.5136,0
-30.1913,-60.9244,0
 -6.9475,-37.4453,0
-30.3398,-59.2570,0
-27.3848,-49.5237,0
-29.6306,-61.5975,0
 -7.9782,-64.3843,0
-29.4477,-55.7761,0
 -9.4554,-57.7201,0
-30.0928,-59.0996,0
-14.3134,-71.3472,0
 -9.7813,-54.4474,0
 -9.1958,-54.2799,0
 -4.7941,-41.5060,0
-30.2012,-60.2035,0
 -7.0867,-56.6262,0
 -3.4936,-45.2109,0
 -9.8802,-53.4783,0
  3.9539,-24.0868,0
-32.5458,-48.7583,0
-29.7208,-58.1753,0
-12.2405,-55.3887,0
-28.9387,-53.3419,0
 -9.7689,-51.9040,0
-29.1717,-55.4287,0
 -3.6596,-44.4685,0
-20.2866,-46.9417,0
 -9.8628,-53.5684,0
-32.7709,-48.3772,0
-29.8627,-61.8396,0
-28.6611,-52.6503,0
 -8.2915,-52.7328,0
-25.2109,-48.3813,0
-19.4112,-66.6316,0
-30.5657,-59.6310,0
-27.0786,-64.7262,0
-12.3688,-52.3837,0
-31.2805,-59.1367,0
-21.7061,-49.0576,0
-13.2420,-54.0201,0
 -7.8697,-38.4806,0
-29.5952,-57.7341,0
-30.3508,-49.9127,0
-26.6349,-64.7545,0
-11.7501,-55.5211,0
-16.1702,-70.3444,0
-28.9642,-52.6703,0
-29.8201,-61.6627,0
-12.6561,-54.5304,0
-30.5477,-59.9980,0
-29.9317,-51.8024,0
 -6.5020,-38.7051,0
-22.6664,-55.6018,0
-30.7163,-50.5696,0
 -3.0373,-54.6277,0
-23.0094,-48.3773,0
-29.1098,-52.8206,0
-30.4097,-59.2067,0
 -6.6284,-51.4024,0
-15.0890,-72.4676,0
-11.7192,-56.0895,0
-14.4122,-55.5020,0
-27.3190,-49.3049,0
-30.3975,-60.3884,0
-30.0936,-59.0882,0
-11.1790,-56.5625,0
-11.8686,-55.6121,0
 -5.7268,-62.1934,0
-19.8572,-52.8395,0
-12.3140,-55.2214,0
-14.1122,-53.9608,0
 -9.9876,-57.2376,0
 -2.6320,-48.0391,0
-29.9982,-60.7383,0
 -8.3656,-52.6480,0
 -1.9059,-46.5273,0
-29.8950,-49.8679,0
-30.5793,-59.6869,0
-28.0091,-66.3491,0
 -3.7476,-44.7906,0
-13.0813,-52.4819,0
-13.8757,-54.5953,0
-28.1931,-68.2832,0
 -5.9827,-41.6126,0
 -9.7870,-53.5303,0
 -7.5356,-38.5800,0
-12.6506,-54.6212,0
 -8.2924,-52.4987,0
 -7.7158,-59.4674,0
-30.0726,-51.3276,0
-29.1978,-62.5486,0
-32.4075,-48.9202,0
 -1.9217,-46.5568,0
-18.3815,-53.1261,0
 -1.9008,-55.6734,0
-13.1257,-74.6953,0
-18.1216,-54.3379,0
-26.8622,-64.7508,0
-29.6279,-61.6679,0
-27.0494,-54.4054,0
 -9.2231,-55.3602,0
-14.7693,-69.6433,0
-29.0627,-62.8318,0
-28.9359,-52.6932,0
-30.8950,-50.5229,0
 -5.2775,-56.4600,0
-11.6453,-55.6606,0
-30.4794,-58.2016,0
-23.2635,-49.1934,0
-30.0069,-59.3442,0
-31.1618,-58.2950,0
-15.9733,-70.6001,0
-33.2081,-48.0555,0
-23.8885,-65.4271,0
 -9.9320,-53.4799,0
 -8.3554,-52.5713,0
-23.4007,-66.4254,0
-29.9720,-60.6460,0
-28.7954,-53.3748,0
-27.8507,-67.0172,0
-11.8820,-55.5952,0
-14.8792,-73.0592,0
-12.4666,-54.9176,0
 -2.9220,-45.8245,0
-30.2533,-59.3649,0
-21.0109,-49.6341,0
-29.0962,-55.1824,0
-29.7799,-52.0663,0
-25.2868,-48.4059,0
 -7.2174,-56.6275,0
-29.6785,-59.0664,0
-28.9749,-62.8446,0
 -6.0681,-61.0600,0
-30.3237,-60.0175,0
-15.0154,-69.9893,0
-30.3035,-51.0138,0
-29.6665,-61.8025,0
-30.0362,-60.8372,0
-33.5358,-47.2001,0
-14.4645,-55.2059,0
-11.1947,-55.8898,0
 -8.7628,-56.0343,0
-11.8771,-55.6933,0
-11.0479,-56.5883,0
 -8.3794,-52.5279,0
-30.3526,-59.3173,0
-30.2248,-60.5451,0
 -7.4692,-38.4280,0
-30.0978,-51.4619,0
-29.3136,-52.5915,0
-29.2061,-63.0713,0
-13.0389,-53.7621,0
-27.1681,-64.6311,0
-29.0456,-53.4013,0
-31.1650,-49.8316,0
-26.6952,-64.6311,0
-27.9057,-66.4114,0
 41.3378,-56.8462,0
-26.2751,-52.3474,0
-29.9674,-51.7057,0
-29.3186,-53.9189,0
-30.2113,-52.4451,0
-20.2254,-52.7227,0
-32.8624,-48.3244,0
 -3.3829,-57.9107,0
 -1.8005,-55.6863,0
 -9.8799,-52.7014,0
-13.0738,-51.6973,0
 -9.6727,-53.7471,0
-20.3023,-66.0826,0
-11.8099,-55.8588,0
-30.0545,-60.5419,0
-28.5991,-54.0889,0
-14.7595,-55.7398,0
 -6.4172,-38.7802,0
-21.6909,-49.0278,0
-14.3404,-55.5498,0
-15.4693,-61.1709,0
-30.3465,-60.5339,0
-15.0529,-61.4583,0
-18.2139,-67.6786,0
 -3.8326,-44.6899,0
-28.9027,-63.2075,0
-29.0532,-62.6682,0
-30.4796,-50.6619,0
-30.1683,-59.0281,0
-23.3619,-55.1730,0
-11.9270,-55.7943,0
-31.6342,-49.5825,0
-30.1522,-60.5915,0
-30.9635,-59.5528,0
 -7.8058,-55.9080,0
-28.9576,-53.4537,0
-29.6358,-61.5975,0
-29.8522,-58.9412,0
-27.5862,-52.4851,0
 -9.2842,-55.3318,0
 -3.7983,-44.6205,0
 -4.2525,-43.7570,0
-11.7395,-56.0383,0
-10.7614,-56.8857,0
-29.8741,-58.0891,0
 -5.6518,-59.4806,0
 -9.8624,-53.4951,0
-20.2331,-52.4296,0
-29.9713,-60.9221,0
-29.0092,-62.9769,0
-22.3996,-46.7541,0
 -8.3638,-52.6758,0
-30.7782,-60.4171,0
-31.0456,-58.8091,0
-36.9183,-71.5309,0
-23.8058,-51.7963,0
-18.0543,-54.3645,0
 -3.7614,-44.0855,0
-16.6679,-57.7295,0
-32.6228,-48.7592,0
 -9.7799,-53.6127,0
-24.9040,-64.7962,0
-11.8421,-55.6656,0
-31.4455,-61.5547,0
-30.5593,-59.8080,0
-26.1550,-66.8211,0
-23.2453,-45.8080,0
-27.1565,-49.3017,0
-29.9495,-51.8097,0
-30.2523,-58.9879,0
-10.3761,-57.5639,0
 -9.8082,-57.0793,0
-22.8165,-46.3652,0
 -9.0391,-54.3836,0
-21.5474,-51.6538,0
-10.6497,-57.6767,0
-30.2400,-60.1079,0
-11.3282,-56.4706,0
 -3.1102,-54.6203,0
-26.9174,-49.6556,0
-12.2564,-55.3208,0
-29.2140,-62.6354,0
-14.1803,-53.9591,0
 -2.5469,-45.6638,0
 -4.9067,-41.6056,0
-18.8001,-67.8052,0
 -8.2837,-52.7747,0
-14.4700,-55.5044,0
-29.8084,-59.0079,0
-21.6732,-50.5337,0
-25.5474,-65.2264,0
-31.2315,-50.0154,0
-14.4947,-69.7902,0
-26.7134,-64.5791,0
-30.6935,-60.5572,0
-29.7204,-58.2564,0
-29.9739,-60.5576,0
 -7.5323,-55.5507,0
-30.1881,-60.4512,0
-11.6712,-56.3615,0
 -3.3384,-50.2037,0
-10.7098,-57.8770,0
 -5.3505,-39.7886,0
-31.2946,-49.6087,0
-29.5803,-57.4144,0
-31.1985,-58.1653,0
-26.1115,-65.5923,0
-25.2091,-48.5607,0
-10.7425,-56.8438,0
 -8.2913,-52.5779,0
-30.0293,-61.5177,0
-29.7881,-61.6402,0
-29.9274,-59.3255,0
-30.3765,-58.3620,0
-30.1602,-59.5461,0
-30.4557,-60.4345,0
-23.3393,-49.2634,0
-30.1123,-61.0565,0
 -8.2228,-52.7986,0
-28.2902,-65.9673,0
-29.6073,-61.8764,0
-29.1222,-52.8187,0
-31.0433,-50.5991,0
-30.3388,-51.4249,0
-30.6306,-50.6258,0
-22.5621,-51.5347,0
 -9.1109,-53.7625,0
-26.9061,-49.7924,0
 -9.8329,-53.4627,0
 -7.5608,-38.4475,0
-29.0350,-62.7680,0
-25.2794,-48.5730,0
-30.2257,-60.0606,0
 -7.9264,-78.1924,0
-15.7605,-70.6221,0
-29.5217,-61.6167,0
-22.9869,-48.4571,0
-29.0470,-63.0978,0
 -5.2629,-39.7153,0
-15.3070,-72.1643,0
-29.2567,-55.7889,0
 -8.5142,-53.1011,0
-19.9759,-52.9067,0
-30.4361,-60.7897,0
-30.2030,-60.9213,0
-29.1172,-53.1218,0
 -6.6725,-51.3536,0
-22.0732,-50.9097,0
-11.3205,-56.4919,0
-11.8474,-55.6809,0
-15.0807,-61.3111,0
-16.7036,-61.4050,0
-14.1103,-53.9424,0
-23.1661,-55.3756,0
 -9.6179,-53.8570,0
-12.1833,-55.5072,0
-29.9446,-51.9082,0
-27.1684,-64.5470,0
-30.9678,-59.3688,0
-25.2917,-48.4514,0
-30.5582,-60.3583,0
-30.3717,-60.5747,0
-21.6895,-50.6889,0
-28.5259,-54.1312,0
-29.7711,-58.5699,0
-12.6447,-54.4703,0
-31.1098,-57.3881,0
 -7.4243,-38.3950,0
 -4.6862,-42.8243,0
-28.0609,-51.7789,0
-20.2924,-46.9499,0
-28.8591,-53.3640,0
-14.3260,-55.5023,0
 -9.0579,-52.4060,0
-11.8423,-55.8065,0
-18.1594,-68.4396,0
-12.3007,-54.9106,0
 -4.8659,-61.4895,0
-27.0963,-66.7329,0
-13.6483,-53.9564,0
-23.0627,-48.1865,0
-29.5701,-61.6082,0
 -9.7879,-53.6647,0
-32.3727,-48.8433,0
 -2.4699,-48.4010,0
-20.1424,-66.0051,0
-25.8725,-50.9075,0
 -8.3131,-52.7246,0
-30.3632,-51.7837,0
-11.6902,-56.0890,0
-22.1105,-48.7079,0
 -3.9049,-43.7234,3
 -8.1135,-59.2910,0
-11.7990,-55.6805,0
-30.5797,-59.6311,0
-12.6941,-54.4648,0
 -3.5746,-45.2389,0
-28.9043,-52.8506,0
-18.6683,-67.4009,0
 -9.8564,-53.4607,0
 -2.9466,-45.9240,0
-30.2339,-59.4244,0
-29.8927,-60.8402,0
-13.7369,-58.5752,0
 -3.9003,-43.7254,0
-26.5168,-64.7518,0
-22.4710,-66.4061,0
-18.0554,-54.4380,0
-12.5820,-54.6547,0
-12.2778,-55.2161,0
-11.3772,-55.6131,0
-31.3933,-61.3715,0
-15.0793,-61.4412,0
-29.1463,-62.9048,0
-30.0308,-61.2415,0
-27.1514,-66.7156,0
-29.7771,-61.8288,0
-30.2464,-59.3146,0
 -9.2276,-55.2204,0
-16.8840,-60.0315,0
 -7.5232,-38.5517,0
-23.1498,-55.2904,0
-23.5279,-53.0754,0
-29.1964,-52.7768,0
-12.9654,-61.0050,0
-29.8758,-58.8403,0
-21.7277,-49.0594,0
-30.7173,-60.1019,0
-31.3039,-58.4683,0
-27.9247,-66.4390,0
-30.3065,-60.0343,0
 -9.8004,-51.9015,0
-25.2803,-48.5531,0
 -6.8992,-37.4535,0
 41.3013,-56.8596,0
-26.7819,-64.5395,0
-25.9747,-66.9254,0
-29.1849,-55.4119,0
-11.8517,-55.6424,0
 -7.7157,-59.4622,0
-29.0546,-62.7459,0
 -3.4388,-44.0246,0
-30.2942,-60.4982,0
-29.6315,-61.6770,0
-30.2256,-51.0419,0
-14.1103,-53.9697,0
-30.1405,-59.0834,0
-29.7076,-58.1796,0
-26.8978,-67.3358,0
 -9.7933,-53.6526,0
-32.5709,-48.9111,0
-22.1022,-51.1987,0
-18.3800,-53.1854,0
-33.6447,-46.4132,0
-29.7178,-52.0717,0
