-24.0397,-25.6033,5
-23.9690,-25.4027,0
-31.7168,-65.8071,0
-29.1009,-55.4218,0
-23.2781,-22.7326,3
-24.2942,-26.8993,3
-32.0337,-65.7987,0
-25.2001,-21.5086,0
-24.2686,-16.4029,0
-24.4224,-27.5289,3
-24.8561,-24.3798,5
-24.3820,-22.6049,0
-24.5606,-26.5975,3
-23.8671,-24.3290,3
-24.2633,-16.3972,0
 -9.3958,-50.9669,0
-24.2943,-26.8997,3
-23.9696,-25.4033,0
  6.7648,-74.2407,0
-23.2728,-22.7276,3
-24.2899,-25.5559,3
-25.3378,-20.6578,0
-29.4169,-56.6153,3
-29.4664,-54.9656,0
-23.5141,-26.2049,3
-31.1174,-65.8544,0
-23.9375,-24.5373,3
-24.2944,-26.8999,3
-32.7370,-61.7738,0
-29.8480,-55.1975,0
-29.3160,-56.7293,0
-29.1337,-56.2316,0
-23.9696,-25.4037,0
-24.4226,-27.5296,3
 25.1611,-85.6294,0
-23.2745,-22.7295,3
-29.5352,-54.6935,0
-24.2634,-16.3976,0
-24.2944,-26.9002,3
-32.8469,-61.8162,0
 24.8703,-88.3460,0
 23.6126,-90.3743,0
-29.8140,-54.3539,0
-24.5627,-26.5949,3
-25.2004,-21.5097,0
-23.8675,-24.3300,3
-23.5143,-26.2053,3
-24.0402,-25.6048,3
-33.1794,-61.7034,0
-24.9710,-16.4237,0
-23.2723,-22.7274,3
-29.1082,-56.1768,0
-24.2901,-25.5564,3
-24.2945,-26.9002,3
-24.4228,-27.5299,3
 23.9329,-88.7242,0
-25.3380,-20.6585,0
-23.9378,-24.5379,3
-24.8567,-24.3813,5
-29.2285,-56.3783,0
-23.2767,-22.7316,3
-24.2947,-26.9001,3
-32.4511,-61.9406,0
-24.3826,-22.6066,5
 -8.3256,-49.4737,3
 24.2346,-88.5970,0
-24.2949,-26.8998,3
-23.5145,-26.2052,3
-24.9946,-16.4508,0
-24.3275,-16.4732,0
-29.5030,-54.9070,0
-23.2850,-22.7392,3
-24.4231,-27.5294,3
-24.2905,-25.5562,3
 -8.3468,-49.4879,0
-29.1649,-55.4066,0
-23.8679,-24.3297,3
-30.0246,-55.7084,0
-25.3385,-20.6576,0
-32.9670,-61.6877,0
-24.2950,-26.8993,3
-23.9382,-24.5372,3
-24.5704,-26.5801,3
  6.6368,-74.4352,3
-24.2707,-16.4041,0
 -6.3155,-64.0115,0
-23.2835,-22.7367,3
-23.5149,-26.2043,3
 24.1625,-88.6577,0
-24.4234,-27.5287,3
-24.2951,-26.8989,3
-24.0407,-25.6045,3
  6.5831,-74.4538,0
-27.4977,-59.0135,0
-25.3387,-20.6566,0
-29.1176,-56.3414,0
-40.1522,-63.9834,0
-23.2767,-22.7296,3
-24.9375,-16.3822,0
-24.2908,-25.5552,3
 24.2674,-86.0184,0
-24.2952,-26.8989,3
 24.9482,-85.8316,0
-40.4044,-60.9280,0
-24.4234,-27.5286,3
-23.5150,-26.2041,3
-29.2492,-55.3908,0
-24.8572,-24.3804,5
-33.0910,-61.7475,0
-24.2643,-16.3960,0
-23.9384,-24.5365,3
-24.9922,-16.4459,0
-24.3832,-22.6055,5
-23.2778,-22.7311,3
-24.9953,-23.4815,0
-29.6621,-54.6007,0
-24.3422,-16.4897,0
-24.2951,-26.8993,3
-23.8682,-24.3289,3
-24.4233,-27.5291,3
-38.6255,-67.6555,0
 23.7963,-90.2154,0
 23.1446,-91.4166,0
-25.0158,-16.4744,0
-23.5148,-26.2048,3
-24.2949,-26.8997,3
  6.6271,-74.2742,0
-23.2817,-22.7359,3
-24.0410,-25.6040,0
 24.2531,-89.8549,0
-24.0966,-26.0611,0
-24.8572,-24.3808,0
-29.8460,-54.3367,0
-24.9950,-23.4825,0
-31.6019,-65.2421,0
-25.0157,-16.4751,0
-24.2709,-16.4056,0
-24.5733,-26.5744,5
 25.7799,-85.1006,0
-24.2949,-26.9000,3
 23.9245,-88.7146,0
-24.4232,-27.5297,3
  6.5638,-74.7213,0
 24.2312,-88.5957,0
-24.2906,-25.5562,3
-23.2838,-22.7384,3
-23.9382,-24.5377,3
-39.7982,-62.3587,0
-23.5148,-26.2054,3
-31.1122,-65.8175,0
  6.5554,-74.7181,0
-24.9951,-23.4830,0
 23.8830,-89.9049,0
-29.1487,-56.2086,0
-24.4233,-27.5301,3
-24.2950,-26.9004,3
 25.0473,-85.6839,0
-23.8680,-24.3301,3
-30.7586,-54.1331,0
-23.2828,-22.7380,3
-24.0408,-25.6052,0
-23.5148,-26.2060,3
-24.2702,-16.4059,0
-24.3830,-22.6068,5
-24.4232,-27.5307,3
-32.8828,-61.7325,0
-24.2950,-26.9010,3
-24.2899,-25.5588,3
 23.6991,-90.2863,0
-25.3384,-20.6595,0
-23.6735,-24.8538,3
-23.2889,-22.7445,3
-24.5737,-26.5750,0
-24.2984,-16.4408,0
-24.2951,-26.9008,3
-23.9383,-24.5387,3
-23.5147,-26.2063,3
-40.4552,-60.6636,0
 24.2248,-88.6355,0
-24.4215,-27.5339,3
-29.7498,-54.5297,0
-27.4223,-59.0554,0
-24.0967,-26.0623,5
-29.3537,-56.0585,0
-23.8681,-24.3309,3
-24.8572,-24.3819,0
-29.5257,-54.6753,0
-23.2838,-22.7393,3
-24.1971,-25.7465,0
-33.0898,-61.7386,0
-24.2950,-26.9008,3
-27.5938,-58.5053,0
-23.5148,-26.2061,3
-24.2813,-16.4195,0
-24.2880,-25.5628,3
-10.4563,-51.2513,0
-24.9951,-23.4837,0
-29.2986,-56.4871,0
-24.4233,-27.5305,3
-30.4227,-54.0791,0
-29.8217,-54.3404,0
-23.2826,-22.7380,3
-24.9951,-23.4836,0
-24.2641,-16.3990,0
  6.6031,-74.6376,0
-24.2951,-26.9008,3
-23.6736,-24.8539,3
 24.3269,-88.4998,0
-30.1209,-55.3036,0
-24.8573,-24.3821,0
 23.1723,-91.4647,0
-23.5149,-26.2060,3
-24.0968,-26.0623,3
-23.9383,-24.5385,3
-31.1572,-65.7141,0
-24.4214,-27.5340,3
-24.2952,-26.9004,3
-23.2829,-22.7376,3
-33.2674,-61.4614,0
-24.3831,-22.6073,5
-29.0501,-55.6567,0
-23.8682,-24.3305,3
 25.6672,-87.4518,0
  2.6113,-32.9138,0
-24.9953,-23.4828,0
-24.3422,-16.4909,0
 24.8561,-85.7891,0
-24.2683,-25.6024,3
 -6.3766,-63.9756,0
-24.5762,-26.5699,5
-29.1244,-56.2110,0
-23.5150,-26.2053,3
-24.2643,-16.3972,0
-24.4235,-27.5295,3
 24.3514,-88.6153,0
-24.2952,-26.8997,3
 25.2463,-85.6302,0
-29.7601,-54.7332,0
-24.0969,-26.0612,3
-32.4442,-61.9527,0
-23.2890,-22.7427,3
-24.8574,-24.3810,0
-28.2418,-60.1526,0
 24.9427,-88.5204,0
-24.9953,-23.4817,0
-23.5151,-26.2043,3
-23.6738,-24.8525,3
 30.8112,-42.7008,3
  6.6872,-74.2359,0
-24.2952,-26.8989,3
-24.2625,-25.6128,3
-24.4206,-27.5343,3
-29.1084,-56.1367,0
-30.1142,-55.1551,0
-23.9379,-24.5375,3
-24.0969,-26.0602,3
 24.2189,-88.6076,0
 30.8450,-42.6836,0
-23.2845,-22.7372,3
-29.3003,-55.4390,0
-40.3790,-61.1079,0
 -6.0998,-64.3303,0
 28.6930,-85.1815,0
-23.5150,-26.2037,3
-24.2951,-26.8989,3
-24.4214,-27.5319,3
 24.8622,-85.9960,0
-24.5723,-26.5760,3
-24.2595,-25.6179,3
-24.0967,-26.0598,3
-24.2984,-16.4362,0
 23.3293,-90.7499,0
-23.8682,-24.3286,3
 24.0166,-88.6987,0
-24.3832,-22.6050,5
-23.2873,-22.7398,3
-24.8573,-24.3794,0
-29.8297,-54.3754,0
-24.0965,-26.0596,3
-24.2948,-26.8981,3
  3.8507,-78.6563,0
-36.9331,-69.2766,0
-27.4267,-58.9900,0
-23.5146,-26.2034,3
-23.9382,-24.5358,3
-23.6735,-24.8512,3
-24.2598,-25.6166,3
-33.4681,-61.5570,0
-24.4107,-27.5503,3
-29.4845,-54.9061,0
-32.5623,-61.9362,0
-24.2946,-26.8982,3
  3.8286,-78.6981,0
  6.7780,-74.3024,0
-24.3304,-27.7052,0
-23.2870,-22.7398,3
-24.0962,-26.0596,3
-24.5664,-26.5861,3
-23.8885,-24.3908,3
-24.8568,-24.3792,0
-24.2895,-16.4257,0
-24.2575,-25.6203,3
-31.3752,-65.3474,0
-24.2943,-26.8981,3
-23.6729,-24.8510,3
-24.4114,-27.5493,3
-23.5142,-26.2033,3
-24.0958,-26.0595,3
  6.0941,-76.7889,0
 24.5654,-89.8896,0
-23.2866,-22.7397,3
 24.4387,-85.9483,0
-29.1470,-56.1814,0
-24.3411,-16.4881,0
-29.5042,-54.6929,0
 24.2200,-88.5812,0
-24.2541,-25.6272,3
-24.9941,-23.4805,0
-24.2940,-26.8981,3
-24.0956,-26.0595,3
-36.9938,-68.2943,0
  3.9051,-67.3740,0
-24.8562,-24.3792,0
-24.5639,-26.5898,3
-23.5137,-26.2033,3
 24.9412,-85.8226,0
-24.4089,-27.5534,0
  6.6619,-74.3765,0
-23.2946,-22.7482,3
-24.3822,-22.6043,5
 24.3882,-88.4893,0
-32.9576,-61.7123,0
-23.9372,-24.5356,3
-24.2937,-26.8980,3
-24.2557,-25.6227,3
-23.6724,-24.8510,3
-24.0954,-26.0595,3
 23.2576,-90.8240,0
-24.2718,-16.4056,0
-23.8669,-24.3278,3
-27.4994,-58.9886,0
 24.5453,-88.5521,0
-24.8559,-24.3791,0
-23.5135,-26.2032,3
