-13.4825,-53.5810,0
-14.3205,-56.4131,0
-28.7128,-59.7938,0
-29.0623,-59.5660,0
-27.9369,-65.0227,0
-29.4687,-66.2742,0
-29.2043,-65.7853,0
-28.8232,-59.6319,0
-28.5860,-60.1056,0
-28.2973,-61.0510,0
-28.2389,-51.3121,0
-22.3014,-49.1666,0
 -6.7349,-55.9849,0
-28.4867,-60.6758,0
-25.7641,-65.2135,0
-25.5952,-48.3303,0
-23.6754,-46.2456,0
-28.5933,-63.8399,0
-20.1562,-50.1592,0
-28.5581,-66.0883,0
  6.1025,-118.4949,0
-28.3220,-65.4038,0
-27.7902,-64.7471,0
-22.1712,-65.5812,0
-13.5423,-53.5442,0
 -8.4315,-54.7793,0
 -5.8941,-43.2566,0
  3.0859,-38.6979,0
 -6.7994,-55.8217,0
-23.4489,-46.4382,0
-28.5983,-58.8998,0
-28.6554,-63.8683,0
-27.4905,-62.3625,0
-28.1067,-60.5056,0
-28.4201,-60.0972,0
-28.8066,-64.0652,0
-28.7095,-59.6768,0
-28.6074,-60.1233,0
-25.4445,-48.5616,0
  1.0708,-78.9351,0
 -3.1305,-50.2735,0
-25.6679,-65.1515,0
-25.5428,-48.3171,0
-28.8406,-47.7465,0
-20.5891,-47.8266,3
-23.4767,-46.4140,0
-20.2674,-50.1443,0
-28.4263,-59.9802,0
-28.7487,-59.7357,0
-28.6425,-58.9451,0
-28.7799,-60.1406,0
-24.7236,-48.5260,0
-23.3975,-46.4532,0
-28.5280,-63.2805,0
-28.2678,-60.6342,0
-28.8851,-64.0629,0
-25.7995,-65.2219,0
-28.5871,-59.7774,0
-11.6409,-59.1076,0
 -6.8653,-38.9467,0
-20.7058,-47.7739,0
-28.7126,-63.8385,0
-28.1902,-61.0623,0
-28.6756,-60.6933,0
-23.0589,-63.6597,0
 -8.7344,-55.1451,0
-14.3560,-56.4045,0
-29.8219,-59.1790,0
-28.7633,-59.6853,0
-28.4879,-63.4804,0
 -5.4493,-44.3349,0
-23.3504,-46.4870,0
-25.9560,-65.1571,0
-28.4397,-48.7055,0
-28.2141,-64.1142,0
-27.8223,-60.8430,0
-28.6670,-58.8906,0
-28.6864,-60.1784,0
-28.9977,-64.0442,0
-28.6604,-59.9711,0
-25.4645,-48.4663,0
-28.9280,-48.3445,0
-28.6489,-63.8321,0
-27.3750,-62.3316,0
-28.5286,-60.0856,0
-28.6649,-59.7926,0
-27.0430,-67.8280,0
-20.7042,-67.1591,0
 -8.3040,-55.0059,0
-28.7516,-59.5193,0
-14.3484,-56.5267,0
-28.7687,-58.8301,0
-28.5000,-63.6837,0
-28.3481,-60.0269,0
-20.4603,-47.8265,0
-25.5306,-48.4398,0
-28.4969,-48.6958,0
-28.8054,-64.0572,0
-27.5135,-67.1593,0
-28.6555,-63.3930,0
-28.6469,-59.6888,0
-13.5122,-53.5530,0
-25.8689,-65.1030,0
-28.4287,-59.8998,0
-29.0913,-65.6889,0
-28.0670,-60.5169,0
-20.2173,-50.1071,0
-28.1830,-61.1120,0
-28.5775,-60.1641,0
-23.3894,-46.5480,0
-13.4676,-53.5530,0
-14.4207,-56.4587,0
-29.8786,-57.3635,0
-11.0184,-60.4947,0
-28.6683,-59.6008,0
-15.8938,-56.8209,0
-28.5503,-65.4766,0
-25.5360,-48.3787,0
-28.6375,-58.8759,0
-28.6646,-59.7935,0
-28.6797,-60.1141,0
-14.1070,-56.5522,0
-27.9693,-66.6539,0
 -2.8779,-50.5583,0
-29.8939,-65.0721,0
-28.6866,-63.9714,0
-28.6347,-66.2223,0
-13.4964,-53.8798,0
-29.2676,-63.0345,0
-27.9109,-65.0496,0
-25.9699,-65.0290,0
-29.5415,-59.3409,0
-29.5872,-64.7194,0
-28.8524,-59.5732,0
-28.5827,-59.7020,0
-29.1676,-59.3442,0
-25.7310,-65.1545,0
-28.1666,-61.1147,0
-28.7234,-63.8604,0
-28.9943,-59.7946,0
-25.4354,-48.3560,0
-28.2915,-63.6374,0
-14.3123,-56.5058,0
-28.5837,-59.8966,0
-28.4947,-60.9757,0
 -1.6653,-74.4643,0
-29.4819,-65.4567,0
-30.1351,-57.1571,0
-28.6115,-60.1223,0
-28.8047,-64.1124,0
-28.5984,-59.7573,0
-28.1262,-66.5507,0
-16.4228,-68.4321,0
-28.7811,-47.7840,0
-14.4601,-56.5049,0
-25.5328,-48.3714,0
 -6.9290,-40.5323,0
-27.2075,-67.7247,0
-13.4798,-53.5648,0
-28.8212,-59.5902,0
-28.3624,-59.9739,0
-23.4626,-46.5258,0
-28.5868,-59.7816,0
-31.0065,-46.7557,0
-28.6599,-59.9712,0
-20.2956,-50.1178,0
-28.3897,-64.1317,0
-28.6780,-63.8522,0
-28.5796,-58.8605,0
 -6.9291,-41.1089,0
-13.7613,-62.6502,0
-28.7658,-61.7897,0
-15.8282,-56.5418,0
-28.2035,-60.4930,0
-28.6351,-63.2734,0
-27.0227,-67.8400,0
-23.3663,-46.4623,0
-25.4907,-48.5447,0
-28.5818,-59.9850,0
-28.8381,-59.7716,0
-13.5023,-53.9071,0
-28.7789,-60.4263,0
-28.6488,-48.9580,0
-27.9538,-61.2094,0
-28.4120,-65.5170,0
-28.4639,-60.1223,0
-11.5050,-73.1972,0
-27.3546,-67.3299,0
-29.4860,-58.4052,0
-28.9871,-64.0421,0
-28.3530,-60.0258,0
-28.6762,-59.7554,0
-29.0812,-59.6883,0
-14.0608,-62.7864,0
-12.0423,-58.7251,0
-28.6380,-63.7907,0
-28.5163,-59.7465,0
-23.3812,-46.2491,0
-28.6363,-60.2120,0
-28.0980,-64.3872,0
-28.6563,-63.8324,0
-14.3129,-56.5955,0
-28.8377,-64.0592,0
-15.8754,-56.5829,0
-28.6787,-59.7955,0
-28.3207,-60.7267,0
-28.5074,-59.9235,0
-28.0248,-48.9860,0
-28.9110,-60.0194,0
-14.3246,-56.4185,0
-16.4031,-68.4887,0
-29.1713,-57.9374,0
-28.6331,-58.8932,0
-29.1516,-49.3818,0
-29.4594,-59.3989,0
-20.5455,-47.8246,0
-20.2282,-50.0996,0
-29.2420,-63.5075,0
-28.5907,-59.7459,0
-28.6772,-63.8949,0
-18.2888,-65.5048,0
-29.0149,-65.6626,0
-25.4648,-48.4401,0
-28.0922,-48.7946,0
-14.1580,-56.4350,0
-28.3476,-61.2049,0
-28.5836,-60.1000,0
-14.4597,-56.5156,0
-29.4798,-65.5086,0
-27.8710,-65.0015,0
-28.7310,-63.8203,0
-24.9099,-65.6915,0
-28.8955,-59.6202,0
 -7.7902,-54.7991,0
-28.5836,-59.0062,0
-27.8939,-65.0988,0
-28.2797,-64.5475,0
-28.7380,-47.6232,0
-29.1323,-65.6242,0
-28.9688,-64.1009,0
-28.5752,-60.7459,0
-28.6184,-59.8020,0
-25.4335,-48.3389,0
 -8.0379,-65.1347,0
-28.6523,-63.8538,0
 39.6269,-51.1942,0
-28.8056,-63.9837,0
-20.4609,-47.8635,0
-28.7735,-47.8843,0
-28.6313,-66.2553,0
-14.3674,-56.4965,0
-22.3356,-49.1601,0
-28.6659,-59.7041,0
-27.1361,-67.8986,0
-20.2133,-50.1530,0
-28.6364,-60.0597,0
-28.4643,-63.7250,0
 -9.9130,-75.0253,0
