-36.2612,-62.5849,0
 25.0522,-91.2382,0
 24.5105,-91.7066,0
-18.8523,-66.2695,0
-33.1594,-66.9169,0
-32.6267,-67.2766,0
 23.8169,-93.3414,3
-36.2634,-62.4965,0
-32.7904,-68.3638,0
-39.5863,-68.0403,0
  1.8393,-34.2371,0
 27.1538,-89.2700,0
 23.7667,-93.3495,0
-35.8738,-62.6683,0
 24.6583,-91.4932,0
-34.9654,-62.8363,0
 23.4701,-93.8450,0
-33.0039,-68.1383,0
-32.6258,-67.3194,0
-32.7648,-68.4677,0
 23.1791,-88.2529,0
 22.2582,-88.7321,0
-32.6047,-66.5586,0
 27.1201,-89.2368,0
 26.1627,-90.2344,0
 25.0043,-91.2870,3
-39.8445,-67.4788,0
-32.8179,-68.4810,0
 23.6034,-93.7154,0
-21.9755,-65.5026,0
-27.7165,-48.1955,3
 24.4043,-87.4905,0
-27.9865,-48.1885,3
 27.1220,-89.3180,0
 23.4537,-93.7294,0
 24.9799,-91.3467,0
-32.3670,-66.7068,0
-27.8686,-48.0889,0
  3.1199,-65.7983,0
-36.8673,-61.1484,0
  2.3850,-32.3832,0
  5.1812,-69.5122,0
-20.5241,-43.2646,0
-22.0643,-65.0725,0
-28.2223,-48.4393,3
 24.6145,-91.4309,0
-32.7617,-67.6046,0
-20.4351,-43.6466,0
 23.5281,-93.7308,0
 24.0051,-92.8821,0
-28.2366,-48.5497,0
 -6.6933,-57.5097,0
-32.3864,-64.9820,0
 24.7160,-91.5228,0
  5.6541,-74.2249,0
 23.1799,-88.2663,0
-33.0138,-68.4453,0
-32.7642,-68.4682,0
 -6.7037,-58.7389,0
-36.3561,-61.9439,0
 -2.1018,-55.8257,0
-36.2062,-62.5546,0
-33.0940,-67.5413,0
 -6.6282,-57.6885,0
 27.1217,-89.2570,0
 25.0534,-91.1994,0
-32.6251,-67.3203,0
-39.5775,-67.9355,0
-32.9731,-68.0760,0
-35.9010,-62.6900,0
-32.6144,-67.2263,0
 24.6311,-91.5048,0
 -1.9443,-55.9860,0
 22.8740,-88.5577,0
-35.1971,-62.7595,0
-28.4816,-47.2823,0
 23.5285,-93.7586,0
-32.9183,-68.4161,0
-40.0641,-61.5380,0
-36.3695,-61.8066,0
 23.5457,-88.1062,0
-32.4307,-65.0177,0
 27.1029,-89.3114,0
 24.9895,-91.2441,0
-33.0044,-68.4466,0
-32.6013,-67.3127,0
 23.7490,-93.4386,3
  5.5968,-74.2011,0
 23.5217,-93.6921,3
-32.7721,-68.5570,0
-34.2953,-64.5793,0
 25.0526,-91.1890,0
 27.1242,-89.3186,0
 23.8336,-93.4869,0
-32.8403,-68.5144,0
 -6.5859,-58.7597,0
 23.0869,-88.4073,0
-32.9960,-68.3575,0
 23.5614,-93.6311,0
 23.8170,-84.6272,0
  3.0797,-65.9212,0
-22.1813,-65.6898,0
 25.9248,-90.2593,0
-21.7791,-65.8291,0
-35.8875,-62.7744,0
 25.8864,-90.7117,3
 24.3413,-87.4206,0
 24.6270,-91.5208,3
 23.5329,-93.7444,0
 27.1123,-89.2569,0
 -6.4851,-59.3179,0
-21.8705,-65.6303,0
 25.7637,-90.7956,0
-32.9197,-68.4462,0
 24.6376,-91.5427,0
 23.4000,-93.9065,0
 25.0605,-91.1980,0
-35.1532,-63.0574,0
 27.1185,-89.2816,0
 -5.7217,-61.2361,0
 -5.9716,-60.8491,0
-40.1730,-62.8043,0
-35.4880,-62.7845,0
-33.0315,-68.0179,0
-32.8408,-68.4611,0
-22.0245,-65.5548,0
 -6.4829,-59.3661,0
-32.6250,-67.3198,0
 23.5932,-88.0017,0
 23.9867,-92.8704,0
-33.3143,-67.1131,3
-39.5199,-68.0387,0
 25.0883,-91.2183,3
-33.4008,-67.2791,3
 22.7559,-88.5904,0
-39.7113,-61.8861,0
-33.4263,-67.1707,3
-36.7780,-61.2494,0
 25.1473,-91.1781,0
 24.6089,-91.4349,0
-33.4454,-66.9504,3
-32.9028,-68.5582,0
-32.6239,-67.4096,0
-33.4672,-67.4744,0
 23.5375,-93.7529,0
 27.1219,-89.2576,0
 23.2584,-88.2720,0
-33.4499,-66.9076,0
-40.0097,-63.0413,0
-32.3599,-65.0123,0
 25.0523,-91.1709,0
-35.9545,-62.6732,0
-36.7152,-62.1821,3
-32.6235,-67.2441,0
-32.8720,-64.9660,0
-32.5517,-66.4351,0
-21.8949,-65.5593,0
-22.2110,-65.5161,0
  2.6490,-36.2691,0
 -5.9641,-56.8971,0
 24.6680,-91.5154,0
 23.4733,-93.7341,0
 24.4880,-86.7618,0
-32.9256,-68.4072,0
-11.6036,-58.9232,0
-35.9549,-62.6734,0
 27.9337,-87.8876,0
-36.7996,-61.8873,3
  2.6279,-29.3963,0
 27.1217,-89.3173,0
 -6.6661,-58.4436,0
 24.6595,-91.4575,0
 26.9136,-89.4189,0
-33.0203,-68.4274,0
 23.5243,-93.7394,0
-32.4025,-65.0209,0
 25.0530,-91.1807,0
-39.8382,-67.5272,0
-34.3367,-63.2406,0
  3.0796,-65.7746,0
-33.3038,-68.1001,0
-32.4354,-66.8615,0
 24.5060,-87.5085,0
 27.1221,-89.2985,0
 -1.6727,-56.3692,0
-20.4948,-43.2460,0
 25.8367,-90.3311,0
 23.1901,-88.2707,0
  2.8825,-32.3154,0
-37.6997,-65.8646,0
 23.6088,-93.6843,3
-35.1757,-63.2024,0
-35.7338,-62.9734,0
 23.0070,-88.4784,0
 23.5324,-93.7402,0
-22.0253,-65.5642,0
 27.1175,-89.3522,0
-32.8723,-67.7425,0
-39.6529,-68.0175,0
 24.1498,-92.8676,3
-32.9873,-68.4454,0
 24.6128,-91.4736,3
-36.1880,-62.5319,0
 25.0787,-91.1981,3
 23.9625,-93.2760,3
-32.5055,-66.4100,0
 24.6024,-84.3403,0
-35.8967,-62.6836,0
 24.1500,-92.8430,0
 27.1167,-89.3020,0
 24.6082,-91.4865,0
-32.5881,-67.1577,0
 23.6008,-93.2110,0
 25.1135,-91.1821,0
 23.9921,-93.2957,0
-34.8332,-62.8821,0
-32.9971,-68.4004,0
-20.6648,-43.2539,0
  3.4361,-77.8224,0
 23.4553,-93.8587,3
