-26.4853,-57.3956,0
-27.8431,-54.7543,0
-15.2348,-55.7376,0
-22.2271,-45.4414,0
 -8.9767,-50.8104,0
-22.2368,-42.9109,0
 -8.0228,-53.4003,0
 -9.9646,-55.3195,0
-10.9194,-58.5084,0
-10.5411,-54.8625,0
-10.0830,-58.2267,0
-29.2169,-52.3283,0
 -9.1058,-55.5333,0
-15.4684,-54.9839,0
-10.4717,-58.3845,0
-20.6163,-52.9673,0
-20.4251,-57.0895,0
-26.5124,-53.6917,0
 -8.6532,-52.6598,0
-13.9175,-59.8037,0
 27.1672,-90.2902,0
-22.5423,-45.0915,0
 -9.1011,-57.9518,0
 -8.9667,-55.8778,0
-24.1075,-51.2405,0
-15.1174,-58.4909,0
 -9.9901,-54.1151,0
-27.3693,-53.5459,0
-22.3900,-42.7266,0
-29.5413,-52.2190,0
 -8.3567,-52.6074,0
-17.9719,-66.1197,0
-14.7589,-59.0679,0
-28.7335,-52.7363,0
-17.8662,-57.2469,0
-23.3225,-54.3913,0
-28.9600,-51.9675,0
-12.8641,-60.3858,0
-12.9942,-50.9616,0
-18.3062,-44.0312,0
-13.7028,-59.7267,0
-10.4512,-52.6746,0
-24.4842,-55.1595,0
-28.5221,-53.7813,0
 -3.7117,-45.1966,0
-41.1927,-66.5275,0
 -8.0188,-53.3073,0
-42.6143,-68.0828,0
-16.4867,-58.9107,0
 -9.9141,-54.1930,0
 -7.7407,-54.3583,0
-14.3691,-57.3528,0
 -9.3738,-55.9094,0
 -9.8327,-48.8737,0
-20.6152,-53.0174,0
-10.5074,-54.9382,0
 -8.6979,-57.0067,0
-17.7591,-45.5311,0
-13.6277,-59.8719,0
 -8.3591,-61.7805,0
-26.4855,-54.8854,0
-19.3358,-65.5540,0
 -9.8336,-48.8237,0
 -7.3265,-51.6538,0
-27.3685,-53.5757,0
 -1.9008,-55.1670,0
 -6.0213,-51.7396,0
-23.4818,-49.8428,0
-20.2934,-65.9489,0
-28.0477,-53.6911,0
-14.1648,-70.6030,0
-11.1111,-59.9141,0
-26.7111,-54.9534,0
-26.7333,-50.7044,0
-27.2071,-51.9171,0
-10.1272,-55.2953,0
-10.8437,-58.5929,0
 -8.5815,-52.6099,0
-16.9373,-54.1064,0
-25.0742,-53.5362,0
-27.6354,-52.5728,0
-24.9059,-57.1660,0
 -8.3116,-52.4047,0
-26.8693,-52.8099,0
-11.9642,-44.9060,0
-27.1226,-56.0876,0
-14.0732,-55.5580,0
-14.7911,-59.1336,0
 -8.3076,-52.6360,0
-21.1656,-54.5380,0
-28.2942,-53.6211,0
-17.9383,-44.5463,0
-10.3557,-55.0327,0
 -8.6968,-53.0175,0
-26.5990,-53.7422,0
-17.7575,-45.5115,0
-13.9809,-62.8916,0
 -9.4913,-61.2078,0
-26.4859,-57.3853,0
-20.2680,-54.2156,0
-14.0628,-55.5181,0
-10.1501,-55.1447,0
-26.2553,-52.7382,0
-27.7889,-54.7676,0
-22.3904,-42.6852,0
-15.2296,-55.7599,0
 -2.3813,-46.5740,0
-26.9947,-52.5801,0
 -8.3165,-55.1642,0
-11.2317,-43.0117,0
-29.3793,-52.2708,0
 -9.0080,-55.7810,0
-14.3689,-57.2396,0
-27.1726,-50.2584,0
-20.5095,-52.9706,0
-20.2609,-54.0912,0
 -9.7008,-53.1197,0
-26.4947,-54.8715,0
-22.5421,-45.0918,0
 -8.2757,-52.0674,0
 -8.5916,-52.7917,0
-22.7888,-46.2155,0
 26.8032,-91.0033,0
-10.5373,-52.5508,0
-10.0524,-55.2249,0
-22.2477,-42.6401,0
-11.5797,-61.1249,0
-22.3996,-42.7694,0
-14.9135,-69.3641,0
 -8.3567,-52.5878,0
-28.3352,-53.7906,0
-28.4068,-54.9118,0
-26.7248,-54.8231,0
-10.7395,-50.3345,0
-14.7903,-59.1654,0
-27.7978,-53.0755,0
 -6.9462,-52.0262,0
 -9.2980,-55.8480,0
 -7.8830,-56.3320,0
-25.7751,-50.3131,0
-26.0004,-55.5323,0
-40.5835,-64.4628,0
-12.2047,-54.4829,0
-10.6044,-55.0097,0
-25.6688,-55.6373,0
-26.4196,-54.7932,0
-23.8884,-54.9211,0
 -8.0023,-53.3848,0
 -9.8970,-54.2010,0
-10.4233,-54.9319,0
-41.5851,-66.2701,0
-10.4931,-55.9755,0
 -2.8680,-48.7645,0
-26.6321,-55.0339,0
-35.4174,-68.2353,0
 -4.7666,-44.0385,0
-41.4053,-66.6046,0
-34.7765,-68.8472,0
 25.1440,-93.0833,0
 -8.7265,-53.0222,0
-10.0100,-58.0833,0
-28.2841,-53.6714,0
-27.0189,-52.6198,0
-28.8411,-51.8860,0
-25.3440,-53.6898,0
-20.6160,-52.9776,0
-13.7807,-55.6689,0
-13.6676,-59.9000,0
 -7.7276,-54.4191,0
 -8.9005,-50.8965,0
-25.1698,-53.6384,0
-13.8615,-59.7767,0
-40.5412,-65.2080,0
 -9.8176,-48.8749,0
-18.8031,-58.1164,0
-28.7834,-52.6588,0
-28.4898,-53.0428,0
 -9.3177,-62.7003,0
 -8.3797,-52.7518,0
 -7.9625,-53.2346,0
-15.3063,-55.8168,0
 -8.8537,-55.8588,0
-15.3074,-54.7121,0
-16.2677,-56.8926,0
-34.7165,-68.9599,0
-10.1431,-77.3649,0
-17.2085,-45.8756,0
-27.8609,-54.7836,0
-10.8249,-60.6242,0
-26.8528,-52.7553,0
-29.8321,-52.5051,0
 -9.1684,-53.7727,0
-29.6023,-52.3591,0
-27.8769,-53.0621,0
 -8.6917,-56.6845,0
-25.8838,-55.4229,0
-27.0291,-50.9507,0
-41.7978,-67.2572,0
-12.5372,-60.0376,0
-22.8105,-46.2935,0
-20.6152,-53.0230,0
 -8.2757,-52.2281,0
 -9.9839,-55.3876,0
 -8.5471,-52.7147,0
 -9.1197,-55.6126,0
-29.2441,-52.2498,0
-25.3321,-53.6016,0
 -9.7563,-54.1878,0
-25.3922,-58.1562,0
 -8.2945,-52.5396,0
-26.7041,-54.7247,0
-23.9405,-54.8031,0
-16.6279,-69.7376,0
-10.0957,-55.2975,0
-20.5369,-52.9045,0
-23.8826,-49.3152,0
 -6.8977,-58.1495,0
-27.0369,-52.6705,0
-12.7200,-42.2274,0
-12.8601,-60.7956,0
 -1.9933,-59.9709,0
 -9.0828,-55.5043,0
-10.4453,-58.5374,0
 -8.8035,-53.1641,0
-22.3028,-42.8198,0
-27.3809,-53.5777,0
-15.3116,-55.6857,0
-14.3554,-57.3171,0
 -9.9899,-53.9854,0
 34.6680,-43.8636,0
-18.7391,-57.9502,0
-10.5134,-52.5473,0
 -8.3165,-57.1051,0
-25.4976,-55.7697,0
 -6.8197,-59.5846,0
 -9.4331,-53.2064,0
 25.3642,-85.2650,0
-10.9148,-59.7593,0
-18.3223,-43.9324,0
-28.4211,-53.7755,0
-27.8321,-54.8292,0
-26.7687,-54.7030,0
-16.2962,-57.5455,0
-14.7914,-59.1419,0
-10.5395,-55.9076,0
-14.4327,-57.2981,0
-16.3027,-58.8349,0
-10.4321,-54.9662,0
-10.0605,-55.3322,0
-15.0368,-58.4843,0
-15.2292,-54.7644,0
-16.7552,-54.0273,0
 -8.2492,-55.1124,0
 -9.9898,-54.1905,0
-21.1424,-54.4549,0
 -8.3575,-52.5873,0
 -8.0663,-53.4431,0
 24.6255,-95.9152,0
 -8.7507,-57.3942,0
-28.4475,-53.6986,0
 -8.3020,-52.0860,0
-22.1115,-44.2419,0
  1.8519,-44.2011,0
-13.7075,-59.9209,0
 -7.8959,-53.6597,0
-15.2352,-55.8068,0
-10.9678,-55.3617,0
-29.3761,-52.2793,0
 -7.7433,-54.4179,0
-22.2920,-42.6551,0
-34.9346,-68.7376,0
-25.9985,-55.5219,0
-14.4393,-57.2365,0
-27.8683,-52.9878,0
 -8.4577,-51.5632,0
-27.1980,-51.9351,0
-30.5025,-52.1842,0
-26.8750,-52.3960,0
-10.0532,-55.2199,0
-23.9449,-54.8862,0
 -7.8241,-54.9793,0
-22.7769,-45.1416,0
-27.0116,-52.7049,0
 -9.6258,-53.1675,0
-13.1538,-59.6132,0
 -8.7026,-53.0546,0
-10.3911,-52.6426,0
-28.2127,-53.7352,0
-29.4947,-52.2409,0
-16.8550,-54.1065,0
 -9.1360,-55.7644,0
-26.8446,-52.7775,0
-11.8665,-55.3026,0
 -9.8893,-54.1955,0
-23.1671,-45.2476,0
-15.1931,-56.9688,0
 -8.6467,-56.8090,0
-27.7137,-52.5517,0
-27.8582,-54.7529,0
-13.4579,-59.1508,0
-15.9146,-58.8167,0
-10.5114,-54.8686,0
 -6.2071,-51.1812,0
-22.2712,-45.4285,0
 -8.9217,-51.0167,0
 24.0030,-96.1504,3
-22.2393,-42.8705,0
 -8.5776,-52.5281,0
-10.3635,-55.0240,0
 -9.4004,-53.1874,0
-16.9416,-69.1864,0
-26.4890,-54.7934,0
 -9.0039,-50.8258,0
-23.4576,-54.3534,0
-26.5744,-55.0077,0
-27.8690,-52.9432,0
 -8.3289,-55.1796,0
 24.1606,-96.1411,0
-25.8824,-50.2954,0
-20.2631,-54.0351,0
-15.3808,-58.6326,0
-15.4632,-55.0125,0
-14.8466,-58.4489,0
-13.9407,-59.8087,0
-20.6145,-52.9225,0
-22.3882,-42.6837,0
  4.6303,-67.5970,0
 26.7364,-90.9483,0
-19.0124,-58.3643,0
-42.0410,-68.4616,0
-16.4573,-57.5986,0
-40.6232,-64.4627,0
-28.2923,-53.6959,0
-10.4629,-52.5582,0
-11.0761,-52.0137,0
 -9.0743,-55.7325,0
-22.4640,-45.1153,0
-28.9684,-51.9207,0
-15.2499,-54.6788,0
-15.5263,-62.5598,0
-22.3100,-42.7890,0
 -8.5701,-52.7348,0
-27.4976,-53.5564,0
-25.3637,-58.0443,0
-27.7943,-53.0921,0
-16.2690,-58.8242,0
-27.2364,-51.9051,0
-18.2920,-43.9835,0
 -9.8338,-48.8743,0
-16.5580,-68.2448,0
-14.7693,-59.1704,0
-23.9389,-54.8885,0
-22.3845,-45.5518,0
-27.4347,-55.2360,0
 -0.2444,-52.3197,0
-26.4951,-57.4007,0
-25.1394,-53.5557,0
 -8.6224,-56.7542,0
-13.0135,-50.9406,0
 -8.7777,-53.1634,0
-28.4477,-54.9072,0
-10.4107,-58.3883,0
 -8.0336,-53.4258,0
-10.9007,-76.2938,0
-10.7688,-60.5991,0
-15.2426,-60.0677,0
 -9.9917,-54.0996,0
-22.4051,-42.6791,0
 -8.3350,-52.6084,0
-22.5439,-45.0921,0
 -8.2735,-55.0991,0
-27.1989,-51.9360,0
-14.1998,-55.4688,0
-15.2426,-55.6763,0
-15.0761,-55.7530,0
-10.6261,-56.0749,0
-27.9279,-53.0605,0
-13.1756,-59.8313,0
-27.3697,-53.5761,0
-14.7151,-59.1413,0
-24.8040,-55.5141,0
 -8.7115,-53.0243,0
 -9.7468,-58.1248,0
  0.0029,-50.9164,0
-27.3290,-53.3330,0
 -6.9451,-52.0591,0
-25.9067,-50.4283,0
-26.6396,-54.8514,0
-27.8499,-53.0779,0
-20.6153,-53.0616,0
 -8.9067,-52.8674,0
 -5.8636,-59.4784,0
 -8.0008,-53.2323,0
 -8.3974,-52.0168,0
-26.8623,-52.7736,0
 -8.7162,-52.9860,0
-22.2221,-42.6488,0
-29.4222,-52.1962,0
-28.2951,-53.8836,0
-15.3800,-55.7421,0
 -8.2835,-52.5536,0
-27.8953,-54.8071,0
-14.1658,-70.6144,0
-23.7209,-54.4776,0
-12.7884,-60.8451,0
-11.0772,-51.9468,0
 -8.2636,-55.1639,0
-14.2808,-57.5627,0
-29.2135,-52.2861,0
-20.3344,-54.0786,0
-22.9350,-45.1437,0
-11.6488,-61.2233,0
-13.5959,-59.8607,0
-22.8135,-46.2364,0
-22.3537,-42.6954,0
-14.4147,-57.2414,0
-27.2284,-53.4399,0
 -8.9854,-50.8073,0
-27.8444,-54.7547,0
 -8.2872,-52.6519,0
 -8.0510,-53.3820,0
 -9.1275,-58.0973,0
-26.0062,-55.5315,0
 -9.3595,-62.5573,0
-21.1480,-54.5415,0
 -8.6574,-52.5640,0
 -8.7629,-58.5660,0
-10.6032,-60.3287,0
-15.3584,-55.6556,0
-28.1732,-54.2617,0
 -8.6708,-56.9834,0
-17.9509,-44.5434,0
-10.0897,-55.2175,0
 -9.3125,-55.7813,0
 -9.8237,-48.8749,0
 -9.1276,-58.0714,0
-14.8683,-59.2058,0
-28.8081,-52.7703,0
  2.0387,-58.1351,0
-15.1276,-55.8303,0
  5.0857,-58.0052,0
-16.0220,-63.8338,0
-25.6613,-55.6475,0
-12.5651,-60.0082,0
-23.9379,-54.8881,0
 -8.9229,-55.8706,0
 -8.7549,-55.9634,0
 -9.7008,-53.1723,0
 -8.0639,-53.2142,0
-26.4915,-54.7022,0
-10.4115,-60.6767,0
 -9.6809,-55.7423,0
-26.5607,-55.0499,0
