 -7.0248,-39.4714,0
-21.5086,-65.6999,0
-27.7742,-65.8375,0
-29.2668,-61.3710,0
 -6.7796,-55.0101,0
-28.3595,-64.7562,0
-14.0983,-55.3535,0
-23.4056,-66.7814,0
-13.3572,-54.8418,0
-32.8544,-46.7332,0
-13.2345,-53.2055,0
-22.4183,-47.1263,0
-24.8584,-49.2242,0
-29.0045,-64.6122,0
 -5.6013,-40.8925,0
-29.3016,-61.3978,0
-14.6497,-54.5231,0
-27.0619,-51.7619,0
 -8.2874,-53.7265,0
-28.0493,-48.7333,0
-21.5361,-49.9986,0
-28.9759,-50.9845,0
-28.8293,-48.5527,0
-11.9375,-57.3190,0
-28.6546,-49.1237,0
-19.6946,-52.6604,0
-22.7707,-46.9557,0
-12.0018,-65.3501,0
-29.3333,-60.9193,0
-28.9858,-60.4343,0
-29.2628,-59.8682,0
-28.5241,-64.3220,0
 -8.3359,-53.7096,0
-29.5166,-60.2941,0
 -7.5367,-54.2168,0
-26.9208,-48.4308,0
 -3.2053,-47.1468,0
-26.0404,-65.2383,0
-26.3734,-64.2094,0
-21.6376,-49.8930,0
 -9.0232,-53.1592,0
-14.4013,-55.3947,0
-21.3942,-65.7395,0
-29.2238,-59.0984,0
 -9.5276,-55.1678,0
-14.0880,-61.7726,0
-27.8717,-64.8291,0
-29.1050,-50.7909,0
-13.9366,-55.3134,0
 -4.2775,-45.5357,0
-24.9986,-51.1241,0
-27.3443,-50.1743,0
 -8.9737,-60.2871,0
-22.0133,-65.8772,0
-29.0318,-61.4233,0
-21.2677,-65.8564,0
-28.8682,-60.9430,0
-28.9008,-64.9057,0
  5.5601,-76.6454,0
-13.4333,-54.9391,0
-13.1683,-53.1814,0
-28.7211,-61.6960,0
-29.7564,-58.8305,0
-28.2334,-49.3840,0
-26.9058,-67.7750,0
-28.5612,-64.4890,0
-30.8144,-48.6986,0
-30.7128,-48.5444,0
-19.8976,-52.3783,0
-15.0190,-55.0678,0
-29.3444,-60.7546,0
-13.4018,-55.3870,0
-14.7194,-54.8079,0
-28.5610,-49.1966,0
-28.9340,-60.5672,0
 -7.7296,-39.6845,0
-26.0201,-64.6393,0
-28.5195,-64.2033,0
-28.9321,-61.5509,0
-28.5642,-51.8558,0
-28.3561,-64.4271,0
-24.0694,-65.4236,0
-28.1138,-50.0312,0
 -9.9385,-76.8075,0
-29.3469,-51.1071,0
-13.3421,-54.9755,0
-26.2409,-64.3118,0
-11.3956,-57.7547,0
-21.8457,-65.8073,0
-22.2413,-49.4439,0
-28.3257,-64.6659,0
-28.8055,-65.2242,0
-14.2094,-55.4489,0
  1.0761,-78.6003,0
-29.4721,-58.3755,0
-21.3453,-65.6945,0
 -5.8365,-42.3368,0
-29.0132,-61.4264,0
-29.3297,-60.8828,0
-29.2412,-58.8945,0
-13.4040,-55.2687,0
-29.2977,-60.2235,0
-28.5273,-49.0807,0
-25.4246,-65.5309,0
-28.4643,-62.1347,0
-26.1862,-64.6683,0
-28.6445,-49.2492,0
 -5.1648,-42.7209,0
-14.0799,-55.3782,0
-21.7961,-65.8154,0
-27.5657,-67.1282,0
 -5.5675,-58.9856,0
 -9.3965,-60.8595,0
-29.0769,-61.4976,0
-26.3489,-64.3071,0
 -8.9599,-56.0140,0
-28.2630,-61.9679,0
-28.2550,-49.4007,0
-22.7488,-50.9058,0
-21.5560,-49.9012,0
-27.4057,-50.2810,0
-28.5439,-61.7903,0
-28.9390,-65.1876,0
-13.4762,-54.9888,0
 -7.0382,-39.3249,0
-29.4074,-60.9060,0
-29.6578,-60.6448,0
-29.1926,-60.5093,0
-12.0152,-57.3860,0
-14.9327,-74.0398,0
-28.9629,-60.6381,0
 -7.4206,-53.8646,0
-29.9801,-49.3385,0
-27.8378,-65.9229,0
-22.8729,-47.0564,0
-30.5594,-58.7914,0
-27.8599,-64.8844,0
-13.2354,-53.1865,0
-21.1996,-66.0141,0
 -7.4295,-49.2473,0
-28.5756,-64.6726,0
-28.8666,-61.4520,0
-27.7903,-66.3601,3
-29.3491,-60.9184,0
-29.1698,-59.0821,0
-19.8854,-52.1940,0
-27.6116,-67.3696,0
-22.6392,-65.9828,0
-27.0800,-51.7407,0
-28.3794,-61.9183,0
-29.2834,-60.0313,0
-29.2154,-60.5208,0
-27.8201,-65.7916,0
-21.6289,-49.8866,0
-21.7066,-65.7944,0
-22.1877,-49.4354,0
-27.8722,-66.3052,0
-14.1238,-55.3402,0
-28.3361,-64.6413,0
-30.0273,-58.7963,0
-28.6896,-61.5371,0
-27.6240,-67.2011,0
-28.8735,-65.5248,0
-13.2903,-54.8574,0
-29.0924,-61.4127,0
-22.7967,-46.9978,0
-28.8624,-61.6197,0
-10.6221,-60.0746,0
-22.3071,-49.2725,0
 -3.5722,-46.0944,0
-13.1299,-53.2197,0
-22.0104,-65.8818,0
-28.6456,-50.1832,0
-29.4972,-60.9247,0
 -8.8806,-55.8529,0
-29.2744,-60.5037,0
-16.8072,-60.4866,0
-28.6616,-49.1264,0
-25.4203,-53.8314,0
-26.4185,-64.0001,0
-11.9068,-57.1375,0
-28.2213,-62.0761,0
-19.8368,-52.2517,0
-27.0639,-51.8000,0
-29.4053,-60.2458,0
-13.3719,-55.3183,0
 -5.8191,-40.5430,0
-22.6779,-48.1171,0
-29.2827,-59.9578,0
-28.5372,-64.6652,0
-22.4543,-47.1093,0
-36.3468,-70.7871,0
-29.1179,-61.0390,0
-29.0045,-61.5494,0
-28.5652,-49.1139,0
-29.2684,-58.8971,0
-27.1330,-52.0043,0
-21.4754,-65.6765,0
-14.2480,-61.7505,0
-27.3559,-50.1919,0
-28.3755,-64.8337,0
-28.6417,-49.1568,0
 -8.3517,-54.8343,0
-29.0671,-48.4312,0
-26.0565,-65.2341,0
-29.0488,-60.0000,0
-29.8051,-61.7008,0
-29.2434,-49.3333,0
-29.3525,-60.8702,0
-26.9972,-67.7529,0
 -3.1689,-47.0264,0
-29.4588,-60.1960,0
-13.8771,-55.3483,0
-13.3958,-54.9579,0
-13.2832,-53.2264,0
-22.2146,-49.4852,0
-27.6921,-67.0421,0
  0.3510,-79.3307,0
-28.6307,-49.2527,0
-25.0533,-53.0936,0
-28.9249,-64.6702,0
 -4.1699,-45.4806,0
-28.9338,-61.5033,0
-27.7593,-66.1630,0
-30.5611,-59.0642,3
  2.6888,-70.1258,0
-28.3446,-49.2582,0
-30.8771,-59.2138,3
-30.9892,-59.3623,3
-16.8862,-60.4266,0
-11.9514,-57.2628,0
-20.9846,-66.5773,0
-13.8553,-55.2787,3
-26.8127,-48.4489,0
-30.9343,-59.4873,3
-29.0716,-61.4160,0
-13.3268,-61.7697,0
-13.4535,-52.7975,0
-29.3417,-60.8389,0
 -8.3510,-54.8440,0
-28.9384,-65.0818,0
-29.4670,-58.7529,0
-21.6613,-49.9666,0
-29.4433,-59.2082,0
-28.5917,-64.3040,0
-13.8524,-55.2570,0
-29.6100,-59.6133,0
-13.5407,-55.0628,0
-25.4886,-53.7764,0
-30.2401,-58.5121,0
-29.9005,-58.1343,0
 -7.5368,-54.2248,0
 -5.2607,-42.5941,0
-21.6008,-65.7649,0
-21.3534,-65.8211,0
-22.7205,-46.9346,0
-13.9360,-55.3267,0
-28.3256,-64.6929,0
-28.6470,-49.0195,0
-30.8720,-59.7047,3
-28.8291,-65.3729,0
-31.1397,-59.1047,3
-29.3473,-51.1066,0
-27.8612,-64.7989,0
-19.9128,-52.2217,0
-28.6840,-61.5989,0
-13.2068,-53.2020,0
-13.3452,-54.8649,0
-21.7778,-49.8362,0
-21.0577,-66.7717,0
-30.9274,-59.9167,0
-30.2457,-60.3595,0
-29.2064,-60.8619,0
-16.2543,-69.7626,0
-26.4274,-64.1416,0
-13.4123,-55.3865,0
-13.4842,-55.0343,0
-28.9890,-60.9862,0
-12.0071,-57.4498,0
-14.1083,-55.3545,0
-29.3552,-58.7453,0
-31.2120,-59.1188,3
 -7.6620,-39.6321,0
-26.7245,-63.5569,0
-29.3516,-60.5626,0
-15.0253,-55.0580,0
-31.2243,-59.1586,3
-16.9785,-60.4795,0
-28.4396,-49.2002,0
-21.3115,-47.1554,0
-22.8172,-50.9311,0
-13.0167,-53.0186,0
-22.7966,-47.0032,0
-28.8547,-60.9358,0
-29.0208,-64.9882,0
-28.0211,-48.7694,0
 -2.0789,-66.5620,0
-29.2763,-61.0579,0
-28.4702,-61.9673,0
-29.0723,-61.4531,0
-17.2067,-68.3731,0
-22.8094,-51.1726,0
-21.6396,-49.8745,0
-28.5508,-49.2792,0
-28.2456,-49.2765,0
-25.4323,-65.5452,0
-26.0480,-65.1698,0
-22.2426,-49.4258,0
-24.9689,-48.9748,0
-31.3780,-59.1054,0
 -8.2852,-53.6821,0
 -7.0007,-39.4594,0
-28.7978,-48.9470,0
-13.4902,-54.9896,0
-28.4830,-49.2084,0
-29.5652,-60.2206,0
-26.9479,-51.5410,0
  4.2978,-23.8502,0
-22.7319,-50.7614,0
-15.5855,-70.1811,0
-28.5279,-64.3795,0
-13.2840,-53.1859,0
-12.0412,-57.3612,0
-13.9402,-55.3464,0
 -6.4264,-57.0019,0
-29.0785,-61.0538,0
 -8.8796,-60.3323,0
-16.7326,-60.5556,0
-21.8437,-65.8316,0
-29.3562,-60.2720,0
-19.8333,-52.4082,0
-27.3179,-50.1827,0
-29.3125,-60.9726,0
-28.5321,-49.0701,0
-29.1907,-60.5985,0
 -7.7683,-39.6797,0
-21.6857,-49.8514,0
-24.9745,-51.1311,0
 -5.4284,-42.5139,0
-14.1704,-55.3489,0
-28.5445,-51.5943,0
 -5.5147,-42.1274,0
-13.5818,-55.0717,0
-14.1636,-61.7291,0
-16.9608,-60.4498,0
-13.2230,-53.1821,0
-28.3186,-50.1439,0
-27.9889,-48.8060,0
-28.9662,-60.8146,0
 -7.5371,-54.2399,0
 -5.7449,-42.2837,0
-28.8488,-61.5300,0
-22.7971,-46.9975,0
-26.9338,-48.5193,3
-29.2243,-60.1804,0
 -9.0782,-55.9872,0
-29.2721,-60.4947,0
-29.2913,-58.8875,0
-11.9813,-57.3605,0
-28.0246,-48.7089,0
-27.0608,-51.7567,0
-22.0233,-65.8957,0
-27.7790,-65.9034,0
  4.2904,-23.6593,0
-24.1123,-65.4448,0
-16.8650,-60.4930,0
-28.6663,-65.1230,0
-21.4973,-65.7454,0
-30.3321,-58.2133,0
-22.1665,-49.3743,0
-28.5588,-61.7846,0
-26.9698,-48.4013,0
-27.8604,-64.8837,0
-21.6441,-49.9156,0
-15.3789,-70.2590,0
-13.3187,-54.8643,0
 -3.1950,-47.1515,0
-13.3833,-55.4328,0
-29.3649,-60.8609,0
-25.1590,-52.9736,0
-14.3224,-55.3534,3
-29.6615,-60.6782,0
-13.9529,-55.3546,0
-20.7392,-66.3499,0
-21.2625,-65.8813,0
-13.4216,-54.9408,0
-22.1135,-49.4357,0
-28.3931,-64.7679,0
 -8.3678,-53.7316,0
-29.2723,-59.1855,0
-27.7586,-53.0007,0
-28.5841,-49.0871,0
-14.2475,-55.4337,0
-13.2839,-53.1871,0
-28.9154,-48.4623,0
-14.6540,-54.5459,0
-29.0363,-61.4816,0
-26.9066,-67.7634,0
-13.4357,-55.0513,0
-30.2376,-59.4839,0
-13.9407,-55.3115,0
-19.4676,-52.4871,0
-27.2466,-67.5657,0
-22.2418,-49.4422,0
-28.2200,-49.3287,0
-22.3123,-47.0859,0
-29.3941,-58.8568,0
-29.2795,-60.8171,0
-22.7367,-50.9999,0
-29.2846,-59.9886,0
-27.6073,-67.1187,0
-19.7185,-52.6276,0
-29.2460,-60.5538,0
-29.6438,-60.9589,0
-26.9057,-67.8317,0
-28.3980,-64.5137,0
-24.7184,-49.1519,0
-13.4855,-54.8981,0
-22.6778,-48.1103,0
-26.3713,-64.1824,0
-28.3201,-49.3512,0
-28.8260,-61.6314,0
-19.8669,-52.1906,0
-15.6224,-56.2856,0
-12.0272,-57.3958,0
-30.0690,-49.3314,0
-29.0829,-50.8029,0
-20.6302,-47.4332,0
-22.8366,-50.9116,0
-29.8666,-58.8605,0
-24.9064,-49.1888,0
-28.4835,-49.1835,0
 -9.4624,-55.3110,0
-28.9219,-60.8991,0
-29.4834,-60.1843,0
-28.5968,-64.2961,0
-29.3588,-60.9016,0
-22.2412,-49.3117,0
-28.6424,-49.1333,0
-31.4201,-60.7860,0
-29.3987,-49.2900,0
 -5.6903,-42.2628,0
-10.1164,-58.8142,0
-29.0508,-60.1825,0
-29.0398,-48.4688,0
-29.2787,-60.5663,0
-29.0157,-61.4247,0
-28.2459,-49.3984,0
-28.9557,-64.5361,0
-27.9104,-65.9988,0
-29.2154,-59.8944,0
-28.8834,-65.3655,0
-28.4119,-61.8357,0
-28.3392,-64.6552,0
-14.0762,-55.3789,0
-22.1629,-49.4616,0
-14.7192,-54.7961,0
 -8.3873,-53.9059,0
-13.3867,-55.0038,0
-11.9431,-57.3006,0
-31.4800,-60.4053,0
 -4.4865,-58.8226,0
-21.4713,-65.6764,0
-12.7534,-56.7554,0
 -5.7272,-40.9865,0
-26.0226,-64.6666,0
-13.1940,-53.1865,0
 -9.5049,-55.0945,0
-22.0249,-65.8720,0
-13.9445,-55.3115,0
-27.0649,-51.7641,0
 -5.5892,-59.0115,0
-21.6372,-49.8625,0
-13.5662,-55.0754,0
-29.9816,-61.3226,3
-21.3335,-65.8401,0
-28.3252,-64.7089,0
-16.9096,-60.3989,0
-13.3575,-54.8572,0
-29.5566,-58.3792,0
-28.5872,-49.1707,0
-26.4163,-64.1355,0
