-21.7135,-66.2390,0
-20.3659,-42.8521,0
 24.1984,-93.1601,0
-36.9428,-62.5770,0
 -7.0135,-57.5404,0
 24.0110,-94.0634,0
-27.1610,-49.1634,0
 26.8810,-89.7579,0
 24.2315,-92.3170,0
-26.3045,-59.0770,0
 25.0172,-91.5777,0
 23.6653,-94.2139,0
-35.8477,-63.7380,0
-15.8204,-69.1773,0
-22.2575,-65.9550,0
 -5.9247,-56.1744,0
-35.4862,-64.4951,0
 -1.7433,-75.4939,0
-37.5795,-61.8391,0
-35.1896,-64.2367,0
-27.9485,-54.7065,0
-36.3314,-63.5833,0
-20.8497,-43.5100,0
-33.3211,-67.3461,0
-35.3673,-64.0128,0
-32.9269,-67.8262,0
 -6.9819,-57.4479,0
 -6.8589,-57.8727,0
-35.9257,-64.0138,0
  4.0912,-61.9671,0
-35.7826,-63.5615,0
-35.4941,-63.9917,0
-35.7637,-63.8515,0
-35.2206,-64.0931,0
 24.0116,-93.5125,3
 -6.9239,-57.5133,0
 -1.6476,-75.7074,0
-36.4828,-62.7559,0
 26.9000,-89.7714,0
  3.1722,-76.8021,0
 25.2209,-91.4212,0
-22.2538,-65.8580,0
-16.6534,-68.0680,0
-33.0379,-67.7255,0
 24.1717,-93.1617,0
-35.8430,-63.9413,0
 23.4900,-88.4750,0
 24.0645,-93.4728,0
-28.7335,-53.4078,0
 26.1193,-90.8879,0
  5.1966,-63.1960,0
-22.0473,-66.0992,0
-35.3071,-64.1384,0
  1.6651,-41.1521,0
 23.7190,-94.1782,3
-40.8788,-64.1961,0
 26.9258,-89.7904,3
 24.1887,-88.0361,0
-22.4794,-65.8831,0
-27.1627,-49.1743,0
 23.8600,-94.0543,3
-35.8498,-64.3272,0
-20.9021,-43.4179,0
 24.0987,-93.3231,3
-35.6627,-64.0403,0
-36.4076,-63.4368,0
 26.9770,-89.8167,0
 24.9308,-92.9236,0
-16.9753,-67.7412,0
-35.2433,-63.9954,0
-37.9596,-62.0012,3
 23.8701,-94.0222,0
-35.8517,-63.5513,0
 -7.0042,-57.3470,0
-29.0626,-53.9307,3
  2.8153,-65.7331,0
-33.5821,-67.8748,0
-27.9003,-49.0390,0
 -1.7744,-76.2080,0
-28.8814,-54.0399,3
-27.8796,-54.6285,0
-28.6739,-54.0998,3
-33.0866,-67.6956,0
 23.9201,-93.4499,0
 25.6632,-91.2281,3
-21.1744,-43.8157,0
-27.5319,-49.0237,0
-28.8680,-54.1749,3
-37.0051,-62.3512,0
 23.6660,-94.1879,0
 24.0254,-94.0921,0
 25.8015,-91.2307,3
-28.8288,-54.1986,3
 23.7788,-91.1306,0
-34.4417,-64.1845,0
-37.9638,-62.1259,0
-36.8628,-62.7179,0
-35.7786,-63.6591,0
 24.2055,-93.1461,0
-16.0536,-68.9979,0
 26.8886,-89.8124,0
 23.8613,-93.5690,0
 25.9266,-91.1431,3
 25.1676,-92.8088,0
-28.8272,-54.2334,3
-35.6349,-64.1531,0
 25.9534,-91.1246,0
-36.2642,-63.2859,0
 26.8487,-89.7245,0
-35.2744,-64.0281,0
 22.1830,-89.2970,0
-18.4119,-66.7590,0
 24.4090,-93.1707,0
-22.1757,-65.9561,0
-33.3974,-67.2769,0
-16.5690,-68.1727,0
 24.2516,-92.3954,0
-20.9374,-43.4738,0
-33.3598,-66.1043,0
-28.3166,-47.8495,0
-39.7985,-62.7259,0
 23.8090,-93.5387,0
-35.9079,-63.8521,0
-35.4608,-64.0924,0
 26.9059,-89.7774,0
  3.1775,-76.7547,0
 23.6511,-94.1777,0
 26.7839,-89.7653,0
 24.8144,-92.9704,0
-36.4051,-63.1720,0
-35.2748,-64.0272,0
-37.0279,-62.2672,0
 -7.1560,-57.3226,0
 -6.9041,-57.5030,0
 24.1531,-93.1649,0
-21.0014,-43.6879,0
-35.2967,-64.0235,0
 23.9103,-93.5231,0
-35.7190,-64.0845,0
-27.1858,-49.1553,0
-36.0016,-63.9999,0
 -6.2267,-64.5826,0
-35.7860,-63.5617,0
-18.9409,-66.6688,0
-36.9495,-62.3446,0
-36.3239,-63.0822,0
-26.3083,-59.1482,0
-36.5504,-62.7292,0
 24.0823,-88.0487,0
-27.4682,-49.1568,0
-32.9648,-67.7289,0
-36.3583,-63.3611,0
 23.6918,-94.2065,0
 24.3422,-92.7729,0
-20.9245,-43.4172,0
-35.4338,-64.1372,0
-34.4752,-64.0919,0
-28.1709,-49.0688,0
 26.9106,-89.7363,0
 -7.0015,-57.5521,0
 24.0524,-93.9913,3
-22.1719,-66.0603,0
 23.6803,-94.2169,0
-27.9634,-54.7068,0
-35.9329,-63.9887,0
-22.4079,-65.8626,0
-16.6746,-68.0741,0
-35.6756,-64.0520,0
-33.5424,-67.8468,0
 25.2142,-91.4297,3
 26.8263,-89.7829,0
-35.5994,-63.9740,0
-22.1768,-65.9229,0
-37.0488,-62.7792,3
 24.0559,-93.9629,0
 24.1864,-93.1484,0
-35.8396,-64.1232,0
-36.3788,-63.5590,0
-35.7904,-63.7423,0
-20.9317,-43.4690,0
-10.2879,-58.0687,0
 -6.9346,-57.5261,0
 25.1485,-91.4608,0
-27.1393,-49.1224,0
-21.0767,-43.8776,0
 -5.7173,-55.8214,0
-33.0830,-67.7208,0
-18.4804,-66.7541,0
-36.2323,-63.7706,0
-35.7958,-63.4639,0
-21.7897,-66.2945,0
 23.6886,-94.1829,0
-33.3016,-66.1917,0
-22.0981,-66.0258,0
-34.4361,-64.1841,0
 25.5902,-91.2319,0
-37.1422,-62.7740,0
 -6.9170,-57.4591,0
 25.2721,-93.7575,0
 23.5656,-94.6238,0
-35.8881,-63.9563,0
 26.9505,-89.7726,0
-27.8921,-48.9823,0
-20.9126,-43.4645,0
-35.5842,-64.1201,0
-35.7518,-63.9397,0
 26.8053,-89.7935,0
 24.1622,-86.7337,0
-35.3561,-64.0148,0
-35.7686,-63.6515,0
-21.0150,-43.9695,0
 26.1075,-90.9355,0
  3.9867,-61.9190,0
-36.8648,-62.7532,0
-27.6320,-49.0676,0
 24.1764,-93.1851,0
 26.9095,-89.7473,0
 23.6578,-94.2054,0
-33.3500,-67.2413,0
-41.2691,-63.9588,0
-35.6362,-64.0114,0
-22.2644,-65.9099,0
 24.9877,-93.9188,0
 -6.8892,-57.4554,0
 25.1571,-84.2067,0
-36.5817,-62.7517,0
 -7.4966,-63.9266,0
 24.0318,-94.0874,0
 26.3472,-90.2319,0
 -7.2185,-57.3507,0
 24.9365,-92.9058,0
-36.3272,-63.4111,0
-35.2911,-64.1211,0
-20.9490,-43.5250,0
-15.8380,-69.3888,3
 23.8978,-93.5132,0
 26.8976,-89.7748,0
  5.0873,-76.7156,0
-15.8861,-69.5040,3
-35.9124,-63.9601,0
 -6.9160,-57.5061,0
 26.2681,-91.1852,0
-15.6776,-69.5315,3
 24.1799,-93.1549,0
-27.2255,-49.1906,0
-20.9453,-43.4240,0
 -9.3495,-56.6290,0
 -0.8948,-57.0486,0
-36.2744,-63.4129,0
 23.4063,-88.4474,0
-33.2123,-66.3979,0
-33.0056,-67.7281,0
-35.8445,-63.5519,0
-15.5944,-69.5919,0
 25.0349,-93.3374,0
-34.8264,-64.1802,0
 24.1881,-88.0232,0
  1.2797,-33.4430,0
 23.6907,-94.2036,0
 -6.5824,-58.2654,0
  2.2118,-34.9501,0
