-17.7918,-68.3030,0
-21.4448,-45.4011,0
 -8.8807,-54.4073,0
-35.7140,-66.0385,0
 25.5791,-84.1538,0
-26.5433,-58.6180,0
-26.6927,-56.7817,0
-31.7626,-64.8245,0
 -1.9237,-49.6495,0
 25.5614,-92.0455,0
-27.6960,-55.6052,0
-35.0572,-66.7201,0
 -8.9999,-54.8838,0
-21.0789,-44.4059,0
-35.6050,-65.5770,0
 25.8949,-91.8179,0
-29.0798,-49.8615,0
-28.4443,-55.3644,0
 -7.3053,-61.7692,0
-28.7903,-54.6733,0
-15.5476,-70.5324,0
-38.6997,-63.5646,0
-35.2946,-66.9273,0
-10.6631,-47.4668,0
-11.0977,-56.1239,0
-34.1594,-67.6190,0
-38.3762,-63.9090,0
 -8.8431,-55.1514,0
-26.4007,-58.7172,0
-35.3720,-67.1163,0
-17.5768,-68.7118,0
-35.2861,-66.5304,0
-35.1119,-67.1445,0
 24.4971,-93.7868,0
-35.3023,-65.9375,0
 -3.9231,-49.8774,0
 23.8079,-93.8081,3
 -3.3275,-50.8161,0
 -2.0249,-49.5833,0
-35.2143,-65.8181,0
-10.3486,-56.7643,0
 -7.0592,-55.8496,0
-35.2262,-66.2044,0
-16.2520,-70.3353,0
-21.4533,-45.1614,0
-28.0367,-53.8507,0
-13.6085,-74.4180,0
-15.5167,-70.7107,0
-14.9665,-61.7884,0
-41.4226,-65.3458,0
-27.0823,-51.2007,0
-38.0534,-64.0477,0
 23.7797,-93.8184,0
 25.8537,-91.7868,0
-21.3278,-64.8072,0
-40.5457,-63.7916,0
-37.5129,-64.1406,0
-35.0467,-66.3789,0
-35.0548,-66.8446,0
 -4.7383,-64.3767,0
-26.8724,-56.6862,0
-18.1406,-60.5492,0
-40.8064,-63.5693,0
 -8.2445,-55.3910,0
 25.5660,-91.9563,0
-26.9403,-51.1382,0
-27.7765,-55.8602,0
-28.8722,-52.0224,0
-21.0664,-44.4848,0
-11.1325,-56.0313,0
-41.9413,-64.5768,0
-27.6330,-55.4394,0
-35.2918,-66.4524,0
-15.5067,-70.6608,0
-27.6779,-51.2436,0
-26.9884,-56.1719,0
 -8.9450,-55.4536,0
-37.6212,-64.1546,0
-28.9156,-50.0052,0
 -8.9454,-54.8690,0
 26.7150,-94.0904,0
-28.1434,-49.5662,0
-21.1437,-44.5457,0
-28.5284,-50.9149,0
-26.6919,-56.7870,0
-11.1872,-55.5764,0
-37.2921,-64.3838,0
 25.7068,-94.5056,0
-41.6446,-64.5894,0
-37.4370,-64.0774,0
-21.4345,-44.6229,0
-28.4667,-55.3761,0
-27.7763,-56.3172,0
-27.2374,-55.5255,0
 -9.3315,-48.4821,0
-10.6187,-48.0838,0
-17.4476,-59.6575,0
-21.4973,-45.3714,0
-10.3831,-53.6449,0
-10.6089,-53.6073,0
 -8.8717,-54.4913,0
  2.0812,-35.5664,0
-22.3451,-44.5661,3
-26.5642,-57.0625,0
-20.0303,-54.0419,0
-28.4466,-49.9599,0
 -8.8679,-54.9349,0
 -6.9111,-49.3122,0
-27.7432,-55.6460,0
 24.2233,-95.3611,0
-27.0792,-51.1308,0
-34.7389,-67.3544,0
-27.9928,-53.9784,0
-28.3530,-55.4534,0
-21.8258,-43.8967,0
-16.8129,-69.3347,0
 -8.7273,-60.0264,0
-15.6497,-70.4390,0
-26.8403,-56.6183,0
 -9.1867,-56.7616,0
-22.2587,-44.6924,3
-26.9230,-51.3559,0
-27.6386,-55.4351,0
 25.8688,-91.7812,0
-17.5865,-67.9090,0
 24.9695,-94.8316,0
 25.5556,-91.9457,0
-11.8262,-58.4107,0
-35.6425,-65.4913,0
 -0.1794,-75.0899,0
-35.0616,-66.4113,0
-36.5042,-64.2354,0
-35.0484,-66.7689,0
-40.7200,-66.5588,0
-27.5404,-55.6397,0
-16.2795,-70.0304,0
-11.1910,-55.6813,0
-21.4504,-45.2286,0
-24.4586,-49.4152,0
-14.1017,-71.0674,0
 25.5472,-94.7436,0
-13.2104,-57.8235,0
 -8.8007,-54.9913,0
-26.9258,-56.6700,0
 -0.7911,-75.4998,0
-41.6542,-64.8895,0
 -3.4902,-50.4851,0
-11.2590,-56.0824,0
-10.2742,-53.6235,0
 -8.8507,-54.6323,0
-35.7021,-66.2932,0
-19.7733,-65.7980,0
-14.7092,-71.5089,0
-21.0226,-44.4013,0
-10.2622,-47.4768,0
 -6.9778,-55.1958,0
-35.0538,-66.8871,0
-38.1541,-64.0204,0
-27.1558,-51.2751,0
-22.2142,-44.8606,0
-28.3758,-55.4009,0
-40.5370,-63.5502,0
-35.2025,-66.6482,0
-10.3982,-47.9554,0
 -7.0747,-55.8388,0
-11.1378,-55.8581,0
 -0.5026,-74.9051,0
 -7.5791,-55.6654,0
-15.4036,-70.9121,0
-26.5615,-58.6881,0
-20.4180,-43.9147,0
-34.4560,-68.4404,0
-11.0730,-56.1884,0
-17.8197,-68.3044,0
-15.7785,-59.3232,0
-10.6860,-53.5759,0
 24.4989,-95.3005,0
-35.6470,-66.5034,0
 25.2159,-93.6251,3
-41.8784,-64.5467,0
-28.0450,-49.9619,0
-28.8903,-50.5558,0
 26.6746,-94.1098,0
-35.0665,-66.6617,0
-14.9033,-71.4735,0
 -3.8309,-49.8367,0
-35.3051,-66.2866,0
-34.9697,-67.1635,0
-26.9165,-51.2178,0
-26.7633,-49.5692,0
-35.6596,-65.9583,0
-26.4597,-58.8012,0
 25.5706,-91.9815,0
-35.3826,-66.4629,0
-35.2294,-66.0172,0
 25.1207,-93.6553,0
 -1.9869,-49.7017,0
-16.0415,-70.1016,0
-17.5850,-68.2173,0
-20.9832,-44.4072,0
-34.4737,-68.5030,0
-11.1471,-56.1313,0
 -8.9462,-54.8448,0
-26.6640,-56.8646,0
-41.7355,-64.5477,0
-35.7925,-66.5970,0
-29.0854,-49.9295,0
-11.2104,-55.9251,0
-27.6424,-55.7075,0
 25.9059,-91.7200,3
-14.3033,-73.6774,0
 -0.2404,-73.4763,0
-35.6394,-66.6169,0
 -8.5612,-54.5452,0
-29.2606,-50.3269,0
-15.5435,-70.5246,0
 -8.5979,-62.5848,0
-10.5914,-48.0949,0
-41.3176,-65.1608,0
-25.6538,-49.6299,0
-34.5704,-67.4871,3
 24.0122,-86.3087,0
-26.9207,-56.5859,0
 25.8935,-91.7591,0
 25.5576,-92.0071,0
-40.5657,-63.7818,0
-37.6116,-64.0378,0
 -2.6031,-48.7206,0
-16.9859,-69.0947,0
-28.5198,-55.3166,0
-40.9643,-66.6714,0
-11.1111,-56.0147,0
-35.1367,-66.7733,0
-27.7052,-55.6163,0
-21.1448,-44.5294,0
-21.4815,-45.3754,0
-10.4198,-56.7150,0
-26.6488,-56.7375,0
-21.5787,-44.0965,0
-35.0499,-67.1826,0
-11.1899,-55.6034,0
-28.9364,-49.9315,0
 -6.9046,-49.3147,0
-28.9839,-50.3548,0
-27.0830,-51.1905,0
-19.3705,-66.7952,0
-25.7517,-49.5912,0
  0.4453,-75.9448,0
-35.0502,-67.1730,0
-27.7389,-56.0955,0
 -9.2851,-62.0019,0
-17.9816,-45.1260,0
 -6.9324,-55.0287,0
 -6.7885,-54.6696,0
-25.4957,-59.6597,0
-10.3287,-47.9678,0
-16.8079,-68.6313,0
 -9.9720,-59.9685,0
-35.0564,-66.7833,0
 -7.0672,-55.9268,0
-12.9918,-42.5759,0
-28.4715,-55.3384,0
 -8.2191,-54.5461,0
-35.2806,-66.1655,0
-20.1677,-64.8935,0
-27.9567,-49.2481,0
-24.9563,-60.0825,0
 24.4864,-93.8017,0
-28.8081,-54.6894,0
 23.7774,-93.8276,0
-21.1475,-44.4592,0
-40.8019,-63.0450,0
  6.7816,-75.8729,0
-26.9466,-51.3288,0
 25.4884,-91.9860,0
-34.4207,-67.1959,0
 -8.6847,-62.5712,0
-15.1322,-71.2087,0
-35.1094,-66.5915,0
-11.1953,-56.0351,0
-27.6250,-55.5152,0
-26.4707,-58.6909,0
-38.2170,-63.7220,0
-16.2054,-70.2749,0
-35.4488,-66.1911,0
-10.2071,-56.8207,0
-21.4084,-45.2410,0
-34.0457,-68.0370,0
 25.8707,-91.7882,0
-38.3000,-63.8022,0
-21.3287,-44.3984,0
-26.8931,-56.6717,0
 -0.7757,-66.8066,0
-11.1978,-55.7304,0
-28.3958,-49.6007,0
 -9.3161,-54.0931,0
-26.6173,-57.1807,0
-41.2720,-67.6498,0
-27.7761,-55.5083,0
 24.2139,-95.3836,0
-21.8167,-43.8969,0
-24.4368,-49.4518,0
  0.5113,-75.9309,0
-35.6162,-66.4023,0
-21.4381,-45.3752,0
-28.3682,-55.2822,0
-37.7364,-63.9969,0
 25.1669,-95.2889,0
-18.3149,-60.2080,0
-21.2029,-44.5291,0
-29.1745,-49.9509,0
 26.7384,-94.0430,0
-11.0598,-56.0195,0
-35.1319,-67.0522,0
-14.4005,-61.1267,0
-40.5318,-66.6640,0
-11.2655,-55.5159,0
 -2.0039,-49.7509,0
-35.3808,-66.5811,0
-34.9808,-66.2629,0
-21.0520,-44.4803,0
-26.5404,-58.6119,0
-35.2040,-66.7652,0
-10.5690,-48.0856,0
 -8.9527,-54.8979,0
-20.7293,-44.4465,0
 25.8228,-91.7537,0
 -8.1765,-54.7127,0
 -8.2984,-60.7989,0
-35.2288,-66.4803,0
-15.3253,-71.0522,0
-26.8973,-56.6813,0
-27.5604,-55.6740,0
-11.4464,-58.7184,0
-28.5285,-55.1707,0
-22.7208,-53.5288,0
-11.1304,-56.0868,0
  4.3108,-62.6363,0
-12.2230,-57.7643,0
-37.9827,-63.9589,0
-17.1769,-69.4206,0
-27.5033,-58.5551,0
-41.9065,-64.6361,0
-40.8083,-66.5884,0
 24.5061,-93.8217,0
-16.5717,-69.5605,0
 37.9699,-39.0288,0
  3.0179,-62.0825,0
-26.6491,-57.0886,0
-21.4433,-45.4354,0
-37.4378,-64.0568,0
-34.9824,-66.3867,0
-27.0807,-51.2410,0
  0.1277,-56.1877,0
-26.7792,-51.3108,0
-20.9682,-44.4778,0
 23.7839,-93.8026,0
 25.9144,-91.8063,0
-11.0980,-56.0495,0
-28.3209,-55.4138,0
-35.1302,-66.6814,0
-16.4162,-68.1200,0
-20.0077,-54.0522,0
-10.6128,-53.5873,0
-13.2116,-57.7559,0
-10.3086,-61.2404,0
 -2.3685,-65.8462,0
-38.6998,-63.5429,0
 -7.6522,-55.6595,0
-11.2230,-55.6814,0
-38.0604,-63.9638,0
 25.5750,-91.9672,0
 -7.0664,-55.8158,0
-27.6195,-55.5749,0
 28.8200,-89.8172,0
-26.8968,-56.6885,0
-41.7065,-64.6037,0
 27.3616,-89.5368,0
-15.7108,-70.5037,0
 28.8381,-89.9492,0
-35.6453,-66.0558,0
-35.2501,-66.4184,0
-35.6489,-66.2414,0
-17.7091,-67.9678,0
-37.0351,-64.8882,0
 -8.6930,-54.7006,0
-18.9621,-65.8352,0
-28.1884,-49.4735,0
-17.5833,-68.7470,0
-35.1317,-67.0406,0
-26.3461,-58.6122,0
-11.1913,-56.1246,0
-26.9580,-56.2958,0
-34.1150,-67.6299,3
-26.3805,-56.9823,0
 25.5366,-94.7977,3
 -4.6559,-64.4338,0
-28.7524,-54.6968,0
 -3.5197,-50.5174,0
-20.2480,-42.4271,0
-21.0653,-44.4235,0
-35.3896,-66.0594,0
-10.2769,-47.4332,0
-37.1201,-64.4989,0
-21.8247,-44.0367,0
-10.5596,-48.0937,0
-26.8996,-56.5911,0
-26.9480,-51.1469,0
-11.2283,-55.8325,3
 26.7224,-94.1000,0
-29.4427,-50.2267,0
-21.6624,-43.8094,0
-11.0857,-56.1706,0
-27.6973,-55.6562,0
 25.5122,-94.7387,0
-40.6201,-63.4138,0
-21.4692,-45.3835,0
 -8.6687,-55.3164,0
-13.8428,-56.3685,0
-26.7603,-56.7964,0
-23.5018,-53.9983,0
-15.2482,-71.0450,0
 27.8233,-89.2646,3
-27.7504,-56.2130,0
-40.6934,-66.6863,0
 -1.5317,-53.0112,0
-34.1934,-67.6077,3
-37.3757,-64.0757,0
 25.8939,-91.7724,3
 -8.9782,-54.8897,0
-11.1102,-56.0220,0
-41.1926,-66.5466,0
  0.8486,-57.8844,0
-34.9819,-66.4024,0
-14.4524,-71.6297,0
 24.4547,-85.6835,0
-26.6521,-57.1204,0
-24.3051,-49.5450,0
 -8.7773,-54.6023,0
-27.7441,-50.7621,0
 24.7867,-93.6619,0
 27.9006,-89.2792,0
 -8.8303,-54.2208,0
 -7.0748,-55.8220,0
-20.9812,-44.5118,0
-34.2337,-67.6084,0
-17.7320,-68.3675,0
-13.3654,-74.6603,0
-10.4320,-56.7603,0
-25.5316,-59.7919,0
-11.1907,-55.4925,0
-28.0299,-54.0359,0
-27.6378,-55.4357,0
-38.7000,-63.5281,0
-35.3081,-66.1002,0
 24.2150,-95.3701,0
-40.8063,-63.5629,0
 25.9598,-91.7718,0
-11.2113,-55.7344,0
-18.5299,-68.0922,0
-35.0555,-66.7836,0
-19.0902,-65.6473,0
-28.4671,-55.3451,0
-21.2420,-44.6059,0
-28.6153,-49.6858,0
 25.7122,-94.5381,0
 -9.3308,-48.5069,0
 -8.9420,-54.5388,0
-35.2386,-66.2428,0
-10.0067,-56.5957,0
 25.5739,-91.9829,0
-29.4360,-50.7981,3
-35.2309,-65.9220,0
-26.8968,-56.6815,0
-11.1223,-55.7576,0
-27.5196,-51.5646,3
-34.0054,-68.0885,0
-29.7034,-50.6212,3
-41.3142,-65.2649,0
-10.5061,-48.0106,0
-35.0631,-66.3179,0
-27.1555,-51.2756,0
 25.7946,-91.7875,0
 -6.5712,-54.0359,0
-28.3268,-55.3508,0
-29.8820,-50.6111,3
-21.2762,-44.6763,0
-10.4652,-53.5860,0
  2.1858,-34.6227,0
-27.6176,-55.6229,0
 -8.8217,-54.9897,0
 -6.9311,-55.1093,0
-34.9038,-67.2429,0
-27.5017,-55.3115,0
-10.5386,-56.8789,0
-11.1909,-56.0809,0
-35.3010,-66.4887,0
 26.6982,-94.1110,0
-35.0426,-66.6456,0
-10.6684,-55.9622,0
-20.0699,-54.0194,0
-26.6521,-57.1524,0
-26.5568,-58.6113,0
 24.9625,-94.8863,0
-37.8951,-63.8851,0
-17.6296,-67.5726,0
-29.3267,-50.8951,0
 -7.0663,-55.9137,0
-14.0552,-74.0464,0
 -2.0012,-49.6449,0
-27.2437,-55.5103,0
-35.0494,-67.1549,0
-17.7218,-67.9776,0
 -8.8833,-54.6722,0
-20.8963,-44.5063,0
-27.1510,-51.1693,0
-35.6419,-65.5080,0
-35.0582,-66.5981,0
 25.8782,-91.7615,0
-26.6368,-56.8081,0
-21.8902,-43.9581,0
-16.8081,-68.6498,0
 25.5581,-91.9801,0
-35.6282,-66.2414,0
-35.2114,-67.0432,0
-29.1086,-49.8526,0
-26.5373,-57.0223,0
 24.7661,-93.6083,0
 -9.0049,-54.8402,0
-27.3189,-51.8087,0
 -9.9541,-59.4268,0
 -9.7099,-60.4203,0
-20.0127,-54.0897,0
-28.3535,-55.4687,0
-18.8732,-67.8451,0
-11.1529,-56.1092,0
-35.1542,-67.0206,0
-21.0627,-44.4835,0
-38.0601,-63.9452,0
 -1.9287,-49.7189,0
-10.2133,-56.7160,0
-40.6814,-63.7319,0
-35.1383,-66.5958,0
-15.6717,-59.4413,0
-36.5130,-64.4089,0
 -9.3931,-48.5180,0
-15.5565,-70.4331,0
-10.3838,-47.9427,0
 -8.7722,-54.4442,0
-10.6455,-47.4777,0
-40.5521,-63.7679,0
-20.9198,-44.4382,0
-16.7328,-69.3780,0
-20.3407,-43.8964,0
-21.4476,-45.2524,0
 -9.8637,-47.4054,0
