-11.8852,-52.2506,3
-11.8778,-53.5607,3
-11.8861,-53.5667,3
-12.1033,-52.9200,3
-11.8853,-52.2477,3
-11.8779,-53.5620,3
-12.0139,-53.7942,3
-32.3278,-56.0173,0
-32.0549,-57.1035,0
-31.9371,-59.0979,0
-11.8853,-52.2449,3
-11.7994,-52.8752,0
-11.8781,-53.5633,3
-12.0140,-53.7942,3
-33.4826,-51.4681,0
-33.5496,-51.2319,0
-11.8855,-52.2415,3
-11.8780,-53.5680,3
-32.5415,-54.8495,0
-12.0140,-53.7943,3
-11.8855,-52.2384,3
-11.8780,-53.5746,3
-33.9481,-50.8648,0
-11.8856,-52.2382,3
-11.8779,-53.5816,3
-12.0140,-53.7945,3
-32.0601,-59.7729,0
-31.7501,-61.2705,0
-11.8856,-52.2383,3
-11.8777,-53.5895,3
-12.0141,-53.7947,3
-32.3530,-67.0915,0
-11.7994,-52.8755,0
-11.8777,-53.5969,3
-11.8855,-52.2384,3
-31.8279,-60.2050,0
-33.1916,-53.2966,0
-11.8774,-53.6036,3
-12.1034,-52.9204,3
-32.5297,-54.4873,0
-12.0141,-53.7948,3
-11.8856,-52.2385,3
-11.8777,-53.6101,3
-11.8855,-52.2387,3
-11.8773,-53.6151,3
-12.0140,-53.7950,3
-11.8854,-52.2388,3
-11.7995,-52.8759,0
-11.8773,-53.6211,3
-11.8854,-52.2389,3
-11.8777,-53.6276,3
-11.8852,-52.2391,3
-32.1679,-56.6695,0
-33.9733,-51.1497,0
-11.8772,-53.6327,3
-32.2698,-55.7336,0
-12.0138,-53.7954,3
-32.3192,-62.1346,0
-32.4410,-61.2366,0
-11.8852,-52.2392,3
-11.8775,-53.6356,3
-32.9712,-53.7958,0
-12.1033,-52.9211,3
-32.3885,-62.0000,0
-11.8852,-52.2393,3
-12.0137,-53.7955,3
 -3.8051,-39.2578,0
-11.8783,-53.6385,3
-12.1029,-52.9215,3
-11.7992,-52.8765,0
-11.8852,-52.2393,3
-11.8793,-53.6403,3
-12.1029,-52.9216,3
-37.5760,-50.7203,0
-32.7717,-54.3762,0
-32.4404,-67.0820,0
-11.8792,-53.6426,3
-11.8850,-52.2394,3
 40.1441,-64.4969,0
-12.1091,-52.5288,0
-33.9143,-51.0011,0
-11.8795,-53.6424,3
-11.7990,-52.8768,0
-33.9559,-50.7796,0
-11.8849,-52.2391,3
-11.8807,-53.6461,3
-37.6308,-50.8761,0
-32.0727,-56.2445,0
-11.8849,-52.2355,3
-11.8797,-53.6479,3
-32.1949,-55.8998,0
-32.2007,-56.9631,0
-33.3769,-51.6567,0
-12.0137,-53.7959,3
-11.8848,-52.2306,3
-12.1028,-52.9217,3
-11.8798,-53.6543,3
-32.2568,-62.1726,0
-32.1479,-57.8489,0
 40.0108,-64.4913,0
-32.5528,-54.5454,0
-33.6542,-51.2332,0
-11.8849,-52.2244,3
-11.8793,-53.6610,3
-11.8803,-53.6684,3
-32.9628,-53.9408,0
-11.8848,-52.2173,3
-11.8787,-53.6725,3
-32.2073,-56.2557,0
-11.8849,-52.2063,3
-12.0130,-53.7962,3
-33.4323,-50.8043,0
-32.5329,-55.8685,0
-11.8778,-53.6825,3
-11.8849,-52.1978,3
-33.8829,-50.8067,0
-11.8774,-53.6903,3
 40.7081,-64.9048,0
-11.8850,-52.1886,3
-12.0128,-53.7962,3
-11.8769,-53.6981,3
-12.1024,-52.9220,3
-11.8851,-52.1806,3
-11.8767,-53.7040,3
-11.8851,-52.1727,3
-11.8768,-53.7097,3
-12.0127,-53.7962,3
-11.8852,-52.1648,3
-11.8770,-53.7147,3
-33.8823,-50.8069,0
-11.8851,-52.1610,3
-32.3195,-62.0465,0
-11.8769,-53.7191,3
-33.8724,-51.1263,0
-11.8851,-52.1610,3
-11.8773,-53.7227,3
-12.0125,-53.7962,3
-11.8851,-52.1609,3
-12.1019,-52.9221,3
-11.8778,-53.7249,3
-32.8899,-53.8056,0
-11.8849,-52.1609,3
-11.8785,-53.7249,3
-12.0124,-53.7961,3
-32.4514,-61.8344,0
-11.8789,-53.7268,3
-32.0966,-58.7596,0
-11.8848,-52.1609,3
-32.2469,-62.1454,0
-11.8807,-53.7240,3
-33.5452,-51.2826,0
-33.2291,-53.1844,0
-32.1230,-57.1486,0
-11.8848,-52.1608,3
-11.9044,-53.6610,3
-11.9143,-53.6456,3
-11.8846,-52.1607,3
-12.1016,-52.9220,3
-11.9151,-53.6443,3
-11.8846,-52.1607,3
-33.9256,-50.7941,0
-11.9158,-53.6478,3
-32.1492,-59.1735,0
-32.2807,-60.2273,0
-11.8845,-52.1606,3
-11.9201,-53.6419,3
-33.3787,-51.6054,0
  2.1531,-32.0546,0
  2.4026,-31.6927,0
-11.8844,-52.1606,3
-11.9216,-53.6420,3
-33.7327,-52.7789,0
-11.7949,-53.0333,0
-12.0118,-53.7958,3
-32.1693,-58.0872,0
-11.8843,-52.1605,3
-11.9214,-53.6461,3
-12.1013,-52.9217,3
-33.4357,-51.2664,0
-32.2642,-55.7017,0
-11.8842,-52.1604,3
-11.9221,-53.6465,3
-32.3870,-67.0877,0
-34.4426,-49.9932,0
-11.9261,-53.6450,3
-11.8841,-52.1603,3
-33.8711,-51.0164,0
-11.9201,-53.6603,3
-11.8841,-52.1603,3
 40.2331,-64.5859,0
-11.9284,-53.6410,3
-11.8840,-52.1603,3
-11.9191,-53.6763,3
-31.7134,-58.5525,0
-33.0657,-53.5832,0
-33.5367,-51.4419,0
-11.8840,-52.1602,3
-11.9272,-53.6517,3
-12.1009,-52.9214,0
-33.5332,-51.1561,0
-11.8840,-52.1601,3
-11.9351,-53.6401,3
-32.2698,-56.0936,0
-12.0114,-53.7953,3
-11.9311,-53.6560,3
-11.8840,-52.1601,3
-32.3363,-62.0353,0
-32.5800,-54.6210,0
-11.8984,-53.7398,3
-11.8839,-52.1602,3
-11.8869,-53.7696,3
-11.8839,-52.1602,3
-32.3609,-55.5619,0
  3.3298,-79.7543,0
-11.8872,-53.7678,3
-11.8840,-52.1602,3
-11.8822,-53.7815,3
-12.1007,-52.9213,0
-11.8839,-52.1602,3
-11.8806,-53.7779,3
-32.0623,-57.0926,0
-11.8838,-52.1602,3
-11.9033,-53.6853,3
-32.6503,-54.9849,0
-33.9468,-51.0746,0
-32.3524,-57.7047,0
-11.8838,-52.1601,3
-11.9038,-53.6865,3
-11.9029,-53.6934,3
-11.8838,-52.1602,3
-33.4521,-51.5729,0
-11.9062,-53.6877,3
-11.8839,-52.1602,3
-11.9072,-53.6919,3
-11.8839,-52.1601,3
-33.9060,-50.7351,0
-11.9095,-53.6936,3
-11.8840,-52.1602,3
-32.2696,-62.1404,0
-32.1808,-57.1937,0
-32.2427,-59.2286,0
-11.9140,-53.6865,3
-32.0561,-57.9251,0
-11.8841,-52.1602,3
-11.9127,-53.7050,3
-11.8841,-52.1602,3
-33.3408,-51.7131,0
-32.4401,-61.2840,0
-34.0214,-51.1680,0
-11.9206,-53.6911,3
-11.8842,-52.1602,3
-11.9241,-53.6934,3
-32.1364,-56.3919,0
-11.8843,-52.1601,3
-12.1007,-52.9213,0
-32.3816,-62.0411,0
-11.9120,-53.7471,3
-11.8843,-52.1601,3
-32.4657,-55.5439,0
-11.9341,-53.7001,3
-11.8845,-52.1601,3
-11.9375,-53.7047,3
-11.8846,-52.1601,3
-11.9376,-53.7105,3
-11.8848,-52.1566,3
-12.1012,-52.9212,0
-11.9377,-53.7163,3
-11.8851,-52.1460,3
-32.1811,-56.2915,0
-32.5706,-54.5445,0
-33.9032,-50.7982,0
-11.9377,-53.7204,3
-11.8853,-52.1336,3
-32.3609,-67.1792,0
-11.9377,-53.7203,3
-11.8856,-52.1218,3
-31.9166,-58.8900,0
-11.9340,-53.7301,3
-11.8860,-52.1067,3
-32.9717,-53.7884,0
-33.3704,-51.6872,0
-11.9373,-53.7208,3
-11.8862,-52.0925,3
-33.2162,-53.5286,0
-32.2635,-62.1176,0
-12.1080,-52.5282,0
-11.9365,-53.7217,3
-11.8866,-52.0808,3
-12.1019,-52.9210,0
-32.3815,-55.4646,0
-32.2494,-60.9818,0
-11.9340,-53.7290,3
-11.8868,-52.0806,3
-34.2041,-50.4554,0
-32.2364,-62.1968,0
-33.9481,-51.0847,0
-11.9383,-53.7199,3
-11.8870,-52.0806,3
-32.2547,-58.0758,0
-11.9317,-53.7398,3
-11.8871,-52.0805,3
-11.9380,-53.7205,3
-32.3972,-57.4155,0
-11.8871,-52.0806,3
-33.3755,-51.5991,0
-11.9385,-53.7197,3
-11.8873,-52.0804,3
-12.1026,-52.9207,0
-33.3945,-53.0357,0
-11.7878,-53.6133,0
  7.4526,-39.9599,0
-11.9383,-53.7200,3
-33.9508,-50.7888,0
-11.8874,-52.0803,3
-32.1889,-59.7073,0
-11.9369,-53.7246,3
-11.8874,-52.0803,3
-33.4600,-51.4679,0
-11.9388,-53.7196,3
-11.8874,-52.0803,3
-11.9372,-53.7240,3
-11.8876,-52.0802,3
-12.1030,-52.9205,0
-33.4598,-51.1873,0
-34.1216,-50.7835,0
-11.9388,-53.7195,3
-11.8876,-52.0802,3
-32.3486,-67.0798,0
-32.5116,-55.6217,0
-11.9389,-53.7195,3
-11.8877,-52.0802,3
-33.5259,-52.9834,0
-11.9389,-53.7195,3
-11.8877,-52.0802,3
-32.4383,-55.1588,0
-11.7882,-53.6185,0
-11.9389,-53.7195,3
-11.8877,-52.0803,3
-33.3596,-51.6042,0
-11.9389,-53.7195,3
-11.8876,-52.0803,3
-33.8667,-50.8108,0
-12.1031,-52.9205,0
-11.9388,-53.7195,3
-11.8877,-52.0803,3
-32.3471,-56.2369,0
-32.4026,-61.9157,0
-33.3826,-53.2082,0
-11.9390,-53.7196,3
-11.8877,-52.0803,3
-32.3261,-57.9309,0
-11.9389,-53.7196,3
-11.8877,-52.0803,3
-11.9389,-53.7197,3
-11.8876,-52.0804,3
-11.8579,-54.0488,0
-11.7869,-53.7129,0
-11.9388,-53.7197,3
-11.8876,-52.0805,3
-32.3645,-62.0083,0
-11.9388,-53.7197,3
-11.8876,-52.0805,3
-12.1031,-52.9206,0
-33.9686,-51.0663,0
-11.9387,-53.7197,3
-11.8875,-52.0805,3
-31.9570,-60.9067,0
-32.0962,-58.1032,0
-33.5844,-51.2996,0
-11.9387,-53.7198,3
-11.8875,-52.0805,3
-32.1952,-57.8015,0
-11.7876,-53.6553,0
-33.1457,-53.2858,0
-11.9386,-53.7198,3
-11.8874,-52.0806,3
-33.8887,-50.6998,0
-11.9385,-53.7199,3
-11.8575,-54.0148,0
-11.8873,-52.0807,3
-33.2965,-51.6262,0
-11.9385,-53.7199,3
-11.8873,-52.0807,3
-12.1029,-52.9208,0
-31.8470,-60.2016,0
-11.9384,-53.7199,3
-11.8872,-52.0807,3
-32.1879,-60.9365,0
-32.1936,-58.3727,0
-32.6842,-54.3084,0
-32.3346,-57.1620,0
-11.9384,-53.7200,3
-11.8872,-52.0807,3
-33.9435,-51.1957,0
-11.8567,-54.0897,0
-32.3134,-62.1251,0
-32.1673,-56.6635,0
-11.9384,-53.7199,3
-33.5464,-51.1466,0
-11.8872,-52.0807,3
-11.9383,-53.7200,3
-32.1836,-56.3711,0
-11.8871,-52.0807,3
-33.9300,-50.7943,0
-11.9383,-53.7201,3
-11.8871,-52.0808,3
