 -7.7099,-53.4814,0
-20.8269,-63.3914,0
-15.1401,-71.0443,0
-15.9268,-55.9201,0
 -8.6517,-45.5029,0
-25.7657,-48.6012,0
-13.4288,-42.0593,0
 -8.6963,-53.1969,0
 -3.5058,-43.5287,0
 -7.8916,-63.2340,0
 -5.4979,-61.5542,0
-14.9607,-58.7268,0
-25.5341,-48.3074,0
-20.3258,-63.7526,0
-20.7623,-55.4606,0
-15.6618,-58.4231,0
 -2.9065,-43.4590,0
-18.2864,-56.0277,0
-23.7246,-52.4734,0
-16.0157,-55.8716,0
-20.2944,-53.0776,0
-23.9475,-52.5523,0
-15.3753,-56.9216,0
 -8.2097,-53.3624,0
-12.9106,-58.4729,0
-25.5549,-52.4597,0
-12.8469,-53.7928,0
-21.8639,-51.4296,0
-23.2753,-66.0256,0
-14.1688,-60.5293,0
-18.0567,-56.1334,0
-20.9736,-55.3373,0
 -5.3043,-56.3596,0
-20.6415,-55.5708,0
-26.8532,-49.5754,0
 -7.4506,-55.0088,0
-13.7080,-60.4555,0
-11.7975,-55.6339,0
-25.8202,-51.4472,0
-22.2626,-44.4863,0
-26.8302,-50.9879,0
-27.4737,-49.0237,0
-21.7092,-46.0038,0
 -7.2225,-55.7316,0
 -3.9302,-44.2888,0
-19.8736,-53.7031,0
-20.7504,-55.5070,0
 -7.6923,-53.6226,0
-21.4058,-46.5074,0
-26.4348,-52.5785,0
-11.5606,-38.8548,0
 -8.9190,-62.9162,0
 -8.0648,-52.9327,0
 -8.6890,-53.3016,0
  1.3015,-51.7587,0
-25.0608,-54.6574,0
-12.3041,-60.4482,0
-22.1628,-66.5193,0
 -3.4186,-41.5873,0
-10.0076,-53.7493,0
-12.0260,-55.2672,0
-11.8531,-56.9064,0
-12.3532,-54.4232,0
-17.9443,-69.1587,0
-15.2989,-56.8803,0
-22.8735,-66.4232,0
-25.7108,-51.8754,0
 -9.6825,-55.7265,0
-13.0440,-60.4829,0
-11.9444,-56.9068,0
-22.3427,-62.1891,0
-18.0375,-56.0647,0
-15.2314,-56.8659,0
-20.9983,-55.3270,0
-32.4576,-69.4018,0
 -7.2488,-55.4584,0
 -9.8983,-50.3145,0
-12.2550,-55.1945,0
-15.9478,-55.8237,0
-26.7013,-51.4751,0
-25.2512,-48.2163,0
-21.6795,-45.9292,0
-15.5162,-57.8401,0
-27.6686,-49.1797,0
 -7.1088,-62.0453,0
-25.4553,-48.4136,0
-12.1029,-55.1907,0
 -4.2161,-44.6834,0
 -8.3399,-44.5786,0
 -0.2319,-53.5964,0
-11.7916,-53.6614,0
-23.0232,-65.9528,0
-11.8693,-55.6207,0
 -7.6854,-53.6291,0
-25.3672,-48.4467,0
-15.9373,-55.9139,0
-18.9238,-56.2589,0
 -8.8345,-45.4621,0
-24.9777,-52.4903,0
-12.8718,-74.8053,0
-15.1316,-59.8266,0
-22.7214,-53.9159,0
-23.2086,-66.0559,0
-13.8005,-59.1134,0
 -8.2214,-53.1306,0
-21.4588,-52.0331,0
 -8.1802,-48.7572,0
-21.6563,-46.0839,0
 -8.1519,-52.9597,0
-26.7830,-51.0311,0
-23.9415,-52.5147,0
 -8.5945,-46.5605,0
-11.2637,-58.3962,0
-15.7062,-70.6545,0
 -8.0002,-38.1959,0
-25.4432,-48.3338,0
-21.9869,-62.4856,0
-22.2730,-44.5612,0
 -3.5969,-61.5278,0
 -7.1725,-55.8055,0
-11.7163,-55.7163,0
-23.9087,-46.7858,0
 -8.7800,-45.4944,0
-22.2990,-62.2040,0
-14.5715,-58.9128,0
-13.1012,-60.4575,0
  1.2597,-31.2914,0
 -4.9586,-50.3831,0
-18.4585,-55.8267,0
-19.8871,-53.7347,0
-25.5767,-52.2678,0
-20.6518,-55.5689,0
-26.4700,-52.5374,0
-24.4611,-50.2863,0
-21.0462,-55.3308,0
-25.8446,-48.6685,0
-21.8263,-51.1842,0
 -7.0496,-62.1607,0
-26.6084,-53.8503,0
 -7.5025,-54.4238,0
 -7.4602,-54.9761,0
-12.8269,-53.7953,0
-11.9450,-57.2104,0
 -9.2466,-62.9495,0
-20.8055,-55.5230,0
-10.5201,-54.6853,0
-15.3125,-56.8110,0
-11.7736,-53.5851,0
 -3.0979,-59.7033,0
-24.2387,-53.8054,0
-25.2920,-48.2885,0
-12.1571,-55.1859,0
-14.8829,-70.9042,0
 -7.7054,-53.6074,0
-26.8077,-53.9008,0
-26.4730,-49.2068,0
-12.8810,-60.4892,0
 -7.7048,-51.4873,0
-15.2235,-59.8026,0
-27.9341,-49.3083,0
-14.6731,-56.2440,0
-24.9706,-51.2403,0
-11.7968,-55.6135,0
-15.6319,-55.7898,0
-24.0200,-52.5172,0
-28.0037,-49.3784,0
-20.5686,-63.6866,0
-24.2078,-52.0316,0
-25.0571,-52.4919,0
-15.3726,-56.8890,0
-25.4153,-48.4185,0
-15.4083,-58.3088,0
-14.1609,-60.5472,0
 -7.2213,-55.8038,0
  2.5040,-64.7284,0
-21.7503,-65.5932,0
 -5.4480,-56.8045,0
-25.5295,-48.4124,0
-12.8085,-53.7979,0
 -8.2627,-53.2333,0
-14.6289,-72.8112,0
-22.4719,-66.2990,0
-20.8848,-55.3773,0
-16.3429,-69.9555,0
-24.2456,-53.6575,0
-12.8850,-53.7896,0
-21.3539,-65.6439,0
-11.6793,-60.4003,0
-11.5324,-52.4447,0
 -8.2177,-53.3715,0
-31.6785,-69.6957,0
-11.5457,-43.1993,0
-11.7931,-53.5839,0
-10.4076,-55.0140,0
-15.6921,-55.7753,0
-12.4874,-54.4692,0
-23.9552,-52.5466,0
-21.7349,-45.8343,0
-25.2134,-48.2220,0
-18.5027,-55.8165,0
-13.9929,-72.6483,0
-25.8037,-48.4981,0
 -2.1511,-47.8329,0
-26.8281,-51.0081,0
-24.9074,-52.5085,0
 -8.3063,-44.6166,0
-12.7228,-42.2510,0
-21.7341,-46.0525,0
-26.4465,-52.5556,0
-25.7342,-48.5763,0
-24.2338,-51.9041,0
-26.5594,-52.1951,0
 -5.4991,-56.6099,0
-18.0561,-56.1159,0
-20.9467,-55.1708,0
-19.8247,-53.8150,0
-26.7640,-53.9946,0
-11.7444,-53.5890,0
 -8.6569,-53.4013,0
-15.9238,-60.5731,3
 -7.6821,-53.7354,0
-15.6994,-55.3259,0
-15.2334,-58.3833,0
-21.4901,-46.3560,0
-25.9701,-48.9944,0
-15.5084,-58.2526,0
 -4.7528,-59.1296,0
-11.8671,-55.6731,0
 -4.5909,-49.5947,0
-22.1756,-44.6785,0
-12.1584,-75.4911,0
-15.9411,-60.5326,0
-22.9936,-63.2852,0
-14.3274,-60.4443,0
-12.0821,-55.2009,0
 -4.7967,-59.6717,0
-25.5115,-48.3561,0
-22.4246,-66.3391,0
-24.1865,-66.0241,0
 -7.4540,-55.0246,0
-21.0566,-55.2439,0
-22.4858,-44.7581,0
-15.3654,-56.9019,0
 -5.4677,-56.3444,0
-26.5096,-52.5779,0
-15.6523,-58.5074,0
-23.0237,-63.2861,0
 -2.9888,-43.1340,0
-28.3000,-49.1655,0
 -4.0991,-44.7510,0
-20.7241,-55.4758,0
-11.9502,-56.9074,0
-27.2098,-49.6955,0
-11.8680,-55.6219,0
  0.9506,-76.5755,0
-26.5454,-49.2762,0
-20.6397,-55.5974,0
 -6.7526,-43.7267,0
 -4.8261,-59.2251,0
-19.7885,-53.9075,0
-22.3601,-45.9933,0
-18.9005,-56.1584,0
-26.8454,-49.4080,0
-13.1775,-60.3515,0
 -7.7996,-53.6612,0
-19.7336,-47.3537,0
-14.2399,-60.3474,0
-26.5765,-52.4674,0
 -8.2390,-53.3062,0
 -7.3764,-54.9311,0
-13.8286,-59.0815,0
-25.0588,-48.0452,0
 -7.2375,-40.2411,0
-23.9804,-52.5690,0
-20.9951,-55.3527,0
-26.4899,-52.7682,0
-19.7084,-53.3902,0
 -8.2515,-44.5324,0
 -7.6800,-53.6128,0
-13.7752,-61.4645,0
 -8.9844,-56.3510,0
-22.1170,-62.6205,0
-11.9999,-57.4643,0
-25.8436,-48.6692,0
-25.2103,-48.2976,0
-12.7949,-60.6165,0
-26.4723,-49.2070,0
 -9.8970,-50.3271,0
 -8.1888,-48.7262,0
 -3.6673,-43.2007,0
-20.8064,-55.4544,0
-14.0364,-60.6573,0
 -9.6521,-55.6524,0
  0.8203,-70.4628,0
-20.4505,-52.8717,0
-25.3958,-48.2929,0
-12.8314,-53.7995,0
-11.8207,-53.5802,0
 -4.5736,-49.5258,0
 -0.6379,-75.7096,0
-20.5373,-66.3218,0
-21.0724,-55.1542,0
-21.4161,-46.4886,0
-24.2104,-51.9744,0
 -8.6910,-53.3126,0
-14.5835,-58.9291,0
-15.3255,-56.8095,0
-26.6695,-53.9271,0
 -5.4102,-61.1596,0
 -0.7625,-78.7110,0
-15.4287,-58.2288,0
-18.0662,-56.1325,0
 -9.0429,-52.2690,0
-25.2954,-48.1970,0
-24.4957,-50.2265,0
-11.9339,-56.8905,0
-21.8886,-51.1735,0
 -4.7642,-58.2530,0
-12.8061,-53.7873,0
-14.0690,-60.4907,0
 -4.5876,-50.3197,0
-11.7448,-55.6696,0
-23.2404,-66.0385,0
-15.9372,-55.8869,0
-27.6256,-49.0419,0
-26.7602,-53.9026,0
-25.8203,-51.4303,0
-10.8337,-54.0896,0
 28.3329,-59.4733,0
-23.7834,-52.8705,0
 -2.3696,-47.5672,0
 -2.2232,-47.9286,0
-18.2273,-56.0009,0
-26.8664,-49.4492,0
-15.5093,-58.2517,0
-26.7783,-49.0094,0
-21.6966,-45.9252,0
-15.3759,-56.8855,0
-21.0250,-55.2992,0
-32.1720,-69.8669,0
-23.9673,-51.9487,0
-23.9698,-51.6467,0
-27.5461,-49.2192,0
-22.3387,-44.5421,0
-21.8853,-62.5541,0
-25.2932,-48.2305,0
-26.6338,-50.9419,0
-23.4656,-63.2237,0
-26.8613,-50.9798,0
-26.4734,-49.2067,0
  0.3819,-70.5864,0
-21.7991,-51.4441,0
-11.8216,-53.5800,0
-11.0517,-76.7897,0
 -8.3278,-76.5932,0
 -6.2343,-61.9090,0
-27.9599,-49.4056,0
-23.2964,-66.0215,0
-26.4369,-52.5432,0
 -2.5959,-47.3994,0
 -6.9654,-62.0628,0
 -7.1435,-55.5906,0
-32.4641,-69.4804,0
-25.4140,-48.3431,0
-11.8693,-55.6213,0
-20.7396,-55.5267,0
 -9.0193,-56.2742,0
-24.0877,-62.9041,0
-26.5846,-52.2788,0
-26.0053,-55.2315,0
-20.2459,-63.7165,0
 -7.4651,-54.9950,0
 -5.7417,-56.4296,0
-15.4572,-58.2088,0
 -4.4818,-59.1452,0
-15.7855,-55.6849,0
-12.1426,-55.1330,0
-26.6209,-49.3302,0
 -8.8076,-45.3810,0
-14.8243,-60.2449,0
-21.0579,-55.2429,0
-27.3502,-50.0158,0
-22.7056,-53.8842,0
-13.7898,-59.0768,0
-26.5780,-52.4669,0
-18.4443,-55.8672,0
-12.9653,-53.7457,0
-21.0517,-55.4945,0
-15.8691,-55.8235,0
 -8.8065,-63.1016,0
-15.3762,-56.8853,0
-25.2926,-48.2882,0
 -8.0482,-52.9324,0
 -7.6886,-53.4753,0
-12.8927,-58.5065,0
-22.1537,-62.3979,0
-15.1184,-70.3358,0
-20.6976,-55.5607,0
